f	noise
0.1	0.000873813
0.112375	0.001044825
0.12475	0.0006754665
0.137125	0.0007455205
0.1495	0.0006273686
0.161875	0.0004578637
0.17425	0.000418872
0.186625	0.000347764
0.199	0.0004537882
0.211375	0.0004376935
0.22375	0.0003294671
0.236125	0.0002824029
0.2485	0.0002157708
0.260875	0.0001552442
0.27325	0.0001438085
0.285625	0.0002192319
0.298	0.0003100431
0.310375	0.0003161602
0.32275	0.0003168885
0.335125	0.0002288278
0.3475	0.0002002
0.359875	0.0002999047
0.37225	0.0002632876
0.384625	0.0003073721
0.397	0.0003510539
0.409375	0.0002164295
0.42175	0.0001931718
0.434125	0.000186768
0.4465	0.0001950129
0.458875	0.0001177727
0.47125	0.0001772145
0.483625	0.000213336
0.496	9.198419e-05
0.508375	0.0001513595
0.52075	0.0001370657
0.533125	0.0001346164
0.5455	8.646763e-05
0.557875	0.0001391768
0.57025	0.0001203897
0.582625	0.0001717337
0.595	0.0002195268
0.607375	0.0001390909
0.61975	0.0001218016
0.632125	8.343616e-05
0.6445	8.014236e-05
0.656875	0.0001318752
0.66925	0.0001464824
0.681625	0.0001234468
0.694	0.0001383456
0.706375	0.0001392784
0.71875	0.0001188984
0.731125	0.0001194087
0.7435	7.873594e-05
0.755875	6.409944e-05
0.76825	7.557592e-05
0.780625	7.443423e-05
0.793	0.0001557294
0.805375	8.775917e-05
0.81775	0.0001124281
0.830125	0.0001538769
0.8425	0.0001084203
0.854875	6.37983e-05
0.86725	7.379841e-05
0.879625	0.0001339567
0.892	0.0001059662
0.904375	0.0001040453
0.91675	0.0001237232
0.929125	8.038168e-05
0.9415	7.828377e-05
0.953875	0.0001109353
0.96625	0.0001030628
0.978625	0.0001020712
0.991	0.0001328334
1.0	7.302277e-05
1.003375	0.0001037063
1.01575	6.583071e-05
1.028125	8.905979e-05
1.0405	9.952516e-05
1.052875	9.36683e-05
1.061875	7.556119e-05
1.06525	0.0001083272
1.077625	0.0001078244
1.09	6.915559e-05
1.102375	5.893054e-05
1.11475	6.990914e-05
1.12375	6.482055e-05
1.127125	4.311495e-05
1.1395	5.615994e-05
1.151875	7.144023e-05
1.16425	4.369264e-05
1.176625	3.676289e-05
1.185625	7.798145e-05
1.189	6.526488e-05
1.201375	6.305488e-05
1.21375	5.655711e-05
1.226125	9.049182e-05
1.2385	7.006103e-05
1.2475	8.783545e-05
1.250875	3.006645e-05
1.26325	4.514013e-05
1.275625	5.262024e-05
1.288	7.431694e-05
1.300375	8.06678e-05
1.309375	9.654907e-05
1.31275	7.673769e-05
1.325125	0.0001002023
1.3375	7.502943e-05
1.349875	4.426449e-05
1.36225	4.085182e-05
1.37125	6.151597e-05
1.374625	6.496936e-05
1.387	7.63855e-05
1.399375	9.076653e-05
1.41175	5.861867e-05
1.424125	4.608581e-05
1.433125	3.814158e-05
1.4365	8.431946e-05
1.448875	7.636145e-05
1.46125	4.248088e-05
1.473625	2.744991e-05
1.486	6.890578e-05
1.495	4.638385e-05
1.498375	6.121514e-05
1.51075	5.462094e-05
1.523125	5.745733e-05
1.5355	7.224866e-05
1.547875	6.979105e-05
1.556875	4.390911e-05
1.56025	7.468828e-05
1.572625	6.772996e-05
1.585	5.286263e-05
1.597375	3.969342e-05
1.60975	3.24619e-05
1.61875	5.309334e-05
1.622125	4.881734e-05
1.6345	3.475185e-05
1.646875	5.750028e-05
1.65925	6.509624e-05
1.671625	4.913997e-05
1.680625	5.809472e-05
1.684	5.101747e-05
1.696375	3.847483e-05
1.70875	6.098153e-05
1.721125	4.792928e-05
1.7335	2.565265e-05
1.7425	4.408272e-05
1.745875	2.191166e-05
1.75825	5.817035e-05
1.770625	4.596041e-05
1.783	3.864224e-05
1.795375	4.32432e-05
1.804375	4.666404e-05
1.80775	3.791849e-05
1.820125	3.726725e-05
1.8325	5.307195e-05
1.844875	3.303108e-05
1.85725	2.797697e-05
1.86625	3.606919e-05
1.869625	2.43856e-05
1.882	3.436589e-05
1.894375	4.611422e-05
1.90675	6.261429e-05
1.919125	4.689156e-05
1.928125	4.464487e-05
1.9315	2.863591e-05
1.943875	3.220107e-05
1.95625	3.661914e-05
1.968625	4.592516e-05
1.981	3.836619e-05
1.99	5.518086e-05
1.993375	5.038075e-05
2.00575	4.126595e-05
2.018125	2.559792e-05
2.0305	4.509181e-05
2.042875	4.225025e-05
2.051875	6.030361e-05
2.05525	3.212628e-05
2.067625	3.982621e-05
2.08	5.412245e-05
2.092375	4.578597e-05
2.10475	2.971409e-05
2.11375	4.711526e-05
2.117125	4.210686e-05
2.1295	4.637928e-05
2.141875	2.454602e-05
2.15425	1.343701e-05
2.166625	2.306821e-05
2.175625	3.31832e-05
2.179	4.814523e-05
2.191375	3.660105e-05
2.20375	4.370147e-05
2.216125	5.622605e-05
2.2285	3.996556e-05
2.2375	3.554902e-05
2.240875	2.749108e-05
2.25325	5.364493e-05
2.265625	5.455813e-05
2.278	4.187598e-05
2.290375	3.383829e-05
2.299375	2.946359e-05
2.30275	3.471169e-05
2.315125	4.072406e-05
2.3275	3.423174e-05
2.339875	3.179605e-05
2.35225	2.963994e-05
2.36125	2.938201e-05
2.364625	3.186098e-05
2.377	3.91611e-05
2.389375	4.259219e-05
2.40175	3.04376e-05
2.414125	1.937076e-05
2.423125	3.344893e-05
2.4265	1.808372e-05
2.438875	1.56589e-05
2.45125	4.506331e-05
2.463625	4.216079e-05
2.476	4.243186e-05
2.485	4.066795e-05
2.488375	3.857499e-05
2.50075	1.827158e-05
2.513125	2.455043e-05
2.5255	3.078794e-05
2.537875	4.257372e-05
2.546875	3.839442e-05
2.55025	3.96743e-05
2.562625	4.283821e-05
2.575	3.7956e-05
2.587375	3.423154e-05
2.59975	3.128247e-05
2.60875	3.456218e-05
2.612125	5.202802e-05
2.6245	4.972241e-05
2.636875	3.961404e-05
2.64925	4.440067e-05
2.661625	2.878128e-05
2.670625	4.912175e-05
2.674	3.768288e-05
2.686375	3.669186e-05
2.69875	3.906331e-05
2.711125	2.696967e-05
2.7235	2.485083e-05
2.7325	4.719001e-05
2.735875	2.207695e-05
2.74825	3.818776e-05
2.760625	2.983657e-05
2.773	1.320552e-05
2.785375	2.434865e-05
2.794375	2.996185e-05
2.79775	3.428884e-05
2.810125	3.904083e-05
2.8225	3.098444e-05
2.834875	3.030689e-05
2.84725	3.403692e-05
2.85625	2.625421e-05
2.859625	3.309513e-05
2.872	2.612453e-05
2.884375	2.186649e-05
2.89675	2.842741e-05
2.909125	2.721385e-05
2.918125	2.420396e-05
2.9215	2.238065e-05
2.933875	1.283803e-05
2.94625	3.808642e-05
2.958625	4.497239e-05
2.971	2.005684e-05
2.98	3.160161e-05
2.983375	2.211895e-05
2.99575	2.862379e-05
3.008125	2.375365e-05
3.0205	2.677099e-05
3.032875	3.636419e-05
3.041875	3.729573e-05
3.04525	1.919195e-05
3.057625	4.838353e-05
3.07	4.386824e-05
3.082375	4.102495e-05
3.09475	2.717173e-05
3.10375	3.709858e-05
3.107125	2.987717e-05
3.1195	3.335098e-05
3.131875	1.62921e-05
3.14425	2.637526e-05
3.156625	3.352604e-05
3.165625	3.131219e-05
3.169	3.262866e-05
3.181375	5.999112e-05
3.19375	5.785246e-05
3.206125	4.127517e-05
3.2185	2.692264e-05
3.2275	2.617848e-05
3.230875	2.205693e-05
3.24325	3.209126e-05
3.255625	3.391166e-05
3.268	3.647348e-05
3.280375	2.07248e-05
3.289375	2.243988e-05
3.29275	2.229931e-05
3.305125	1.691573e-05
3.3175	2.35999e-05
3.329875	3.065632e-05
3.34225	2.522004e-05
3.35125	2.064936e-05
3.354625	1.156331e-05
3.367	5.742559e-06
3.379375	2.143561e-05
3.39175	3.415377e-05
3.404125	3.980868e-05
3.413125	2.810514e-05
3.4165	3.792704e-05
3.428875	2.65026e-05
3.44125	1.057384e-05
3.453625	1.991181e-05
3.466	3.233284e-05
3.475	3.022598e-05
3.478375	1.46818e-05
3.49075	4.372804e-05
3.503125	3.656078e-05
3.5155	2.896485e-05
3.527875	3.085188e-05
3.536875	3.515658e-05
3.54025	2.012087e-05
3.552625	2.00608e-05
3.565	1.919611e-05
3.577375	2.708793e-05
3.58975	1.731745e-05
3.59875	3.622991e-05
3.602125	2.355128e-05
3.6145	2.9254e-05
3.626875	2.510889e-05
3.63925	1.765918e-05
3.651625	2.163071e-05
3.660625	2.543694e-05
3.664	3.004581e-05
3.676375	2.48014e-05
3.68875	2.238434e-05
3.701125	2.791059e-05
3.7135	1.471624e-05
3.7225	2.257149e-05
3.725875	2.442249e-05
3.73825	1.860649e-05
3.750625	2.125888e-05
3.763	2.613603e-05
3.775375	2.618073e-05
3.784375	2.747012e-05
3.78775	9.510334e-06
3.800125	2.108972e-05
3.8125	1.523665e-05
3.824875	1.367437e-05
3.83725	1.847121e-05
3.84625	3.144676e-05
3.849625	2.356166e-05
3.862	1.609001e-05
3.874375	2.526784e-05
3.88675	3.078501e-05
3.899125	2.658308e-05
3.908125	2.170525e-05
3.9115	1.719934e-05
3.923875	3.07462e-05
3.93625	3.015057e-05
3.948625	2.866799e-05
3.961	2.572799e-05
3.97	2.217973e-05
3.973375	1.766599e-05
3.98575	1.280385e-05
3.998125	2.150912e-05
4.0105	2.693777e-05
4.022875	3.338802e-05
4.031875	1.984839e-05
4.03525	2.870907e-05
4.047625	2.362754e-05
4.06	2.274703e-05
4.072375	1.721646e-05
4.08475	3.070752e-05
4.09375	2.15824e-05
4.097125	4.712459e-05
4.1095	4.266439e-05
4.121875	2.704041e-05
4.13425	1.530633e-05
4.146625	1.472267e-05
4.155625	2.167954e-05
4.159	1.448352e-05
4.171375	2.750518e-05
4.18375	2.518287e-05
4.196125	3.068631e-05
4.2085	3.71958e-05
4.2175	2.111228e-05
4.220875	3.427352e-05
4.23325	2.61739e-05
4.245625	2.560705e-05
4.258	1.85517e-05
4.270375	1.497235e-05
4.279375	1.964422e-05
4.28275	1.375663e-05
4.295125	2.24026e-05
4.3075	3.466174e-05
4.319875	2.860489e-05
4.33225	2.197996e-05
4.34125	2.016158e-05
4.344625	2.362116e-05
4.357	2.349014e-05
4.369375	3.513444e-05
4.38175	2.770435e-05
4.394125	2.052926e-05
4.403125	1.815512e-05
4.4065	2.046475e-05
4.418875	1.597742e-05
4.43125	9.408166e-06
4.443625	7.87749e-06
4.456	2.027653e-05
4.465	2.241971e-05
4.468375	1.664537e-05
4.48075	6.580413e-06
4.493125	1.511933e-05
4.5055	1.383616e-05
4.517875	2.412921e-05
4.526875	2.305641e-05
4.53025	2.379416e-05
4.542625	2.857666e-05
4.555	2.715313e-05
4.567375	2.385916e-05
4.57975	1.881604e-05
4.58875	2.742047e-05
4.592125	1.6843e-05
4.6045	2.950784e-05
4.616875	4.244708e-05
4.62925	3.45715e-05
4.641625	2.507501e-05
4.650625	1.884703e-05
4.654	2.689792e-05
4.666375	2.942786e-05
4.67875	1.915715e-05
4.691125	2.182106e-05
4.7035	3.376674e-05
4.7125	1.96186e-05
4.715875	3.515225e-05
4.72825	1.971259e-05
4.740625	1.461208e-05
4.753	1.764368e-05
4.765375	1.147342e-05
4.774375	2.210976e-05
4.77775	1.234154e-05
4.790125	2.763063e-05
4.8025	2.483926e-05
4.814875	2.473993e-05
4.82725	2.234923e-05
4.83625	2.342433e-05
4.839625	1.643813e-05
4.852	1.881811e-05
4.864375	2.650303e-05
4.87675	1.749874e-05
4.889125	1.734485e-05
4.898125	2.201345e-05
4.9015	3.199008e-05
4.913875	3.036468e-05
4.92625	2.28134e-05
4.938625	2.265441e-05
4.951	2.008658e-05
4.96	1.997202e-05
4.963375	2.489005e-05
4.97575	2.610237e-05
4.988125	2.942843e-05
5.0005	1.839226e-05
5.012875	1.913079e-05
5.021875	2.005809e-05
5.02525	1.088703e-05
5.037625	1.926974e-05
5.05	1.852389e-05
5.062375	1.054693e-05
5.07475	9.322353e-06
5.08375	2.042873e-05
5.087125	1.410039e-05
5.0995	2.758545e-05
5.111875	1.9196e-05
5.12425	2.02887e-05
5.136625	2.836582e-05
5.145625	2.039927e-05
5.149	2.934258e-05
5.161375	2.590145e-05
5.17375	1.387301e-05
5.186125	2.08e-05
5.1985	1.977248e-05
5.2075	1.638468e-05
5.210875	2.153253e-05
5.22325	2.257166e-05
5.235625	1.967706e-05
5.248	1.085863e-05
5.260375	2.064478e-05
5.269375	1.969079e-05
5.27275	2.556726e-05
5.285125	1.817522e-05
5.2975	2.040301e-05
5.309875	2.506415e-05
5.32225	2.184193e-05
5.33125	2.066895e-05
5.334625	2.1398e-05
5.347	3.086392e-05
5.359375	2.696913e-05
5.37175	1.291059e-05
5.384125	1.700679e-05
5.393125	1.693107e-05
5.3965	1.056178e-05
5.408875	1.149405e-05
5.42125	2.115025e-05
5.433625	2.256182e-05
5.446	1.53689e-05
5.455	2.051502e-05
5.458375	1.844288e-05
5.47075	1.592851e-05
5.483125	2.184045e-05
5.4955	2.335917e-05
5.507875	1.785663e-05
5.516875	1.992209e-05
5.52025	2.15503e-05
5.532625	3.632657e-05
5.545	3.55389e-05
5.557375	1.410586e-05
5.56975	1.393621e-05
5.57875	1.351187e-05
5.582125	1.723538e-05
5.5945	2.020287e-05
5.606875	8.870968e-06
5.61925	9.764799e-06
5.631625	1.286874e-05
5.640625	1.782125e-05
5.644	1.405135e-05
5.656375	2.099423e-05
5.66875	2.42975e-05
5.681125	1.289704e-05
5.6935	2.295181e-05
5.7025	1.765713e-05
5.705875	2.135472e-05
5.71825	1.688086e-05
5.730625	1.891097e-05
5.743	2.327144e-05
5.755375	2.132803e-05
5.764375	2.074885e-05
5.76775	1.74974e-05
5.780125	1.204711e-05
5.7925	1.117495e-05
5.804875	2.3186e-05
5.81725	2.63677e-05
5.82625	1.807074e-05
5.829625	2.226592e-05
5.842	2.642365e-05
5.854375	1.954193e-05
5.86675	1.173432e-05
5.879125	1.534683e-05
5.888125	1.797892e-05
5.8915	1.912406e-05
5.903875	1.548223e-05
5.91625	1.100499e-05
5.928625	1.881905e-05
5.941	2.036759e-05
5.95	1.928875e-05
5.953375	5.777214e-06
5.96575	1.159713e-05
5.978125	8.27109e-06
5.9905	1.849159e-05
6.002875	2.012132e-05
6.011875	1.550452e-05
6.01525	1.997939e-05
6.027625	1.400522e-05
6.04	2.148232e-05
6.052375	1.980545e-05
6.06475	1.631029e-05
6.07375	1.926551e-05
6.077125	1.17584e-05
6.0895	1.657494e-05
6.101875	6.269488e-06
6.11425	6.789539e-06
6.126625	5.211561e-06
6.135625	1.618869e-05
6.139	1.031284e-05
6.151375	1.391159e-05
6.16375	1.816374e-05
6.176125	1.847758e-05
6.1885	2.092362e-05
6.1975	1.257139e-05
6.200875	2.397796e-05
6.21325	1.999125e-05
6.225625	1.879519e-05
6.238	1.995164e-05
6.250375	2.004213e-05
6.259375	1.583425e-05
6.26275	1.755204e-05
6.275125	1.427844e-05
6.2875	1.590654e-05
6.299875	1.592125e-05
6.31225	1.419522e-05
6.32125	1.70054e-05
6.324625	2.375334e-05
6.337	1.460157e-05
6.349375	1.110074e-05
6.36175	1.526172e-05
6.374125	1.962173e-05
6.383125	1.219502e-05
6.3865	2.331122e-05
6.398875	1.653115e-05
6.41125	1.784438e-05
6.423625	1.8924e-05
6.436	2.369753e-05
6.445	1.589206e-05
6.448375	2.090321e-05
6.46075	1.515745e-05
6.473125	2.097314e-05
6.4855	1.797047e-05
6.497875	2.260979e-05
6.506875	1.905446e-05
6.51025	1.686947e-05
6.522625	2.11125e-05
6.535	1.675781e-05
6.547375	1.161958e-05
6.55975	1.113581e-05
6.56875	1.921364e-05
6.572125	1.508785e-05
6.5845	1.891711e-05
6.596875	1.997756e-05
6.60925	1.6492e-05
6.621625	1.250065e-05
6.630625	2.148149e-05
6.634	1.88925e-05
6.646375	2.024518e-05
6.65875	1.412492e-05
6.671125	1.344534e-05
6.6835	1.322664e-05
6.6925	2.144523e-05
6.695875	1.663474e-05
6.70825	1.757333e-05
6.720625	1.838716e-05
6.733	1.120628e-05
6.745375	1.69545e-05
6.754375	1.58472e-05
6.75775	9.090827e-06
6.770125	1.867182e-05
6.7825	2.609687e-05
6.794875	1.72302e-05
6.80725	1.323342e-05
6.81625	1.309264e-05
6.819625	1.494208e-05
6.832	1.136309e-05
6.844375	1.285457e-05
6.85675	1.538952e-05
6.869125	1.216709e-05
6.878125	1.257672e-05
6.8815	8.050591e-06
6.893875	1.145747e-05
6.90625	1.79928e-05
6.918625	1.066142e-05
6.931	9.788146e-06
6.94	1.5988e-05
6.943375	1.393536e-05
6.95575	6.927259e-06
6.968125	1.211086e-05
6.9805	9.746897e-06
6.992875	6.886329e-06
7.001875	1.933288e-05
7.00525	1.301686e-05
7.017625	1.510873e-05
7.03	1.111051e-05
7.042375	1.292137e-05
7.05475	1.788076e-05
7.06375	2.142039e-05
7.067125	1.332528e-05
7.0795	1.681943e-05
7.091875	1.955577e-05
7.10425	1.83651e-05
7.116625	1.756648e-05
7.125625	1.953356e-05
7.129	1.154396e-05
7.141375	2.359488e-05
7.15375	1.572957e-05
7.166125	1.225873e-05
7.1785	1.748091e-05
7.1875	1.321333e-05
7.190875	1.712053e-05
7.20325	1.447797e-05
7.215625	1.337346e-05
7.228	1.655876e-05
7.240375	8.549095e-06
7.249375	1.315481e-05
7.25275	1.913729e-05
7.265125	2.141988e-05
7.2775	1.29077e-05
7.289875	9.532435e-06
7.30225	1.917042e-05
7.31125	1.183131e-05
7.314625	1.832811e-05
7.327	1.680855e-05
7.339375	1.936895e-05
7.35175	1.450723e-05
7.364125	1.547935e-05
7.373125	1.218108e-05
7.3765	1.413984e-05
7.388875	1.223789e-05
7.40125	1.669084e-05
7.413625	1.51925e-05
7.426	6.97223e-06
7.435	1.571498e-05
7.438375	1.160803e-05
7.45075	1.804219e-05
7.463125	1.480263e-05
7.4755	9.356094e-06
7.487875	1.411768e-05
7.496875	1.786518e-05
7.50025	1.448613e-05
7.512625	1.72366e-05
7.525	1.99765e-05
7.537375	1.899459e-05
7.54975	2.033563e-05
7.55875	1.554137e-05
7.562125	2.209976e-05
7.5745	1.590997e-05
7.586875	9.183707e-06
7.59925	1.07214e-05
7.611625	1.438168e-05
7.620625	1.643954e-05
7.624	8.877911e-06
7.636375	1.248886e-05
7.64875	1.844779e-05
7.661125	9.729321e-06
7.6735	1.708177e-05
7.6825	1.149378e-05
7.685875	1.335956e-05
7.69825	1.934602e-05
7.710625	1.892923e-05
7.723	1.726997e-05
7.735375	1.703013e-05
7.744375	8.364234e-06
7.74775	1.778706e-05
7.760125	1.981663e-05
7.7725	1.081286e-05
7.784875	9.075691e-06
7.79725	9.360617e-06
7.80625	8.672887e-06
7.809625	7.427448e-06
7.822	1.475064e-05
7.834375	7.249194e-06
7.84675	1.012487e-05
7.859125	1.228936e-05
7.868125	1.449035e-05
7.8715	8.177588e-06
7.883875	1.194984e-05
7.89625	1.575495e-05
7.908625	1.032759e-05
7.921	1.528843e-05
7.93	1.95369e-05
7.933375	1.415349e-05
7.94575	1.551469e-05
7.958125	1.178453e-05
7.9705	2.013203e-05
7.982875	1.268297e-05
7.991875	1.610879e-05
7.99525	1.504476e-05
8.007625	1.777487e-05
8.02	1.118664e-05
8.032375	1.772352e-05
8.04475	1.681816e-05
8.05375	1.234329e-05
8.057125	1.251689e-05
8.0695	1.844091e-05
8.081875	1.593291e-05
8.09425	1.147482e-05
8.106625	1.583468e-05
8.115625	1.414716e-05
8.119	1.164935e-05
8.131375	8.072516e-06
8.14375	8.307987e-06
8.156125	7.259213e-06
8.1685	1.597482e-05
8.1775	1.318465e-05
8.180875	1.431606e-05
8.19325	6.276959e-06
8.205625	1.106592e-05
8.218	1.694267e-05
8.230375	1.497743e-05
8.239375	1.109863e-05
8.24275	1.229386e-05
8.255125	1.789342e-05
8.2675	2.011643e-05
8.279875	2.210383e-05
8.29225	1.760944e-05
8.30125	1.545354e-05
8.304625	9.253512e-06
8.317	8.675202e-06
8.329375	1.744548e-05
8.34175	2.055914e-05
8.354125	1.831028e-05
8.363125	1.741432e-05
8.3665	1.471381e-05
8.378875	9.380567e-06
8.39125	8.452712e-06
8.403625	8.988126e-06
8.416	9.940917e-06
8.425	1.137521e-05
8.428375	1.653966e-05
8.44075	1.934773e-05
8.453125	1.669694e-05
8.4655	1.871735e-05
8.477875	1.878233e-05
8.486875	1.481074e-05
8.49025	1.730176e-05
8.502625	1.250932e-05
8.515	8.088627e-06
8.527375	1.153364e-05
8.53975	1.201268e-05
8.54875	1.155061e-05
8.552125	1.459562e-05
8.5645	1.254931e-05
8.576875	8.932232e-06
8.58925	4.144713e-06
8.601625	1.247233e-05
8.610625	1.133864e-05
8.614	1.844978e-05
8.626375	8.680776e-06
8.63875	1.057417e-05
8.651125	1.449119e-05
8.6635	1.701298e-05
8.6725	1.153773e-05
8.675875	1.572523e-05
8.68825	1.635722e-05
8.700625	1.70282e-05
8.713	1.06586e-05
8.725375	1.040643e-05
8.734375	1.336026e-05
8.73775	1.275368e-05
8.750125	1.252355e-05
8.7625	1.56151e-05
8.774875	1.809634e-05
8.78725	1.650434e-05
8.79625	1.309422e-05
8.799625	1.396294e-05
8.812	1.275815e-05
8.824375	1.087842e-05
8.83675	9.940974e-06
8.849125	9.870405e-06
8.858125	1.237215e-05
8.8615	7.755041e-06
8.873875	7.610047e-06
8.88625	1.116861e-05
8.898625	1.217966e-05
8.911	1.261404e-05
8.92	1.513113e-05
8.923375	1.658954e-05
8.93575	1.602252e-05
8.948125	9.073668e-06
8.9605	1.603098e-05
8.972875	1.722431e-05
8.981875	1.100136e-05
8.98525	1.795056e-05
8.997625	1.94068e-05
9.01	9.378352e-06
9.022375	1.046709e-05
9.03475	8.961393e-06
9.04375	1.250989e-05
9.047125	1.473553e-05
9.0595	8.310828e-06
9.071875	8.953957e-06
9.08425	1.073004e-05
9.096625	6.967197e-06
9.105625	1.393139e-05
9.109	1.189864e-05
9.121375	1.642848e-05
9.13375	1.809211e-05
9.146125	1.219251e-05
9.1585	8.040255e-06
9.1675	1.539833e-05
9.170875	1.920322e-05
9.18325	2.001954e-05
9.195625	1.673046e-05
9.208	1.409607e-05
9.220375	5.867692e-06
9.229375	8.984441e-06
9.23275	7.951384e-06
9.245125	9.269723e-06
9.2575	1.071371e-05
9.269875	1.01606e-05
9.28225	1.331648e-05
9.29125	8.919484e-06
9.294625	1.054373e-05
9.307	1.307373e-05
9.319375	2.03449e-05
9.33175	1.18255e-05
9.344125	7.763781e-06
9.353125	1.38603e-05
9.3565	1.241662e-05
9.368875	1.436883e-05
9.38125	1.328178e-05
9.393625	1.340642e-05
9.406	1.21184e-05
9.415	1.435453e-05
9.418375	9.853142e-06
9.43075	1.028168e-05
9.443125	6.846374e-06
9.4555	6.705323e-06
9.467875	7.908768e-06
9.476875	1.304851e-05
9.48025	7.094281e-06
9.492625	8.98229e-06
9.505	9.959098e-06
9.517375	4.692852e-06
9.52975	9.783187e-06
9.53875	1.21022e-05
9.542125	1.584501e-05
9.5545	1.994329e-05
9.566875	1.689249e-05
9.57925	9.023798e-06
9.591625	1.135391e-05
9.600625	1.315706e-05
9.604	1.294202e-05
9.616375	1.527232e-05
9.62875	1.375393e-05
9.641125	1.12184e-05
9.6535	1.372269e-05
9.6625	1.172856e-05
9.665875	1.675947e-05
9.67825	1.737625e-05
9.690625	1.416942e-05
9.703	1.065484e-05
9.715375	9.660156e-06
9.724375	1.206191e-05
9.72775	1.512238e-05
9.740125	1.853184e-05
9.7525	6.893903e-06
9.764875	1.034455e-05
9.77725	9.191959e-06
9.78625	1.129852e-05
9.789625	9.227659e-06
9.802	8.32367e-06
9.814375	1.139516e-05
9.82675	8.353612e-06
9.839125	1.105433e-05
9.848125	1.137826e-05
9.8515	1.246764e-05
9.863875	1.427783e-05
9.87625	1.076311e-05
9.888625	1.413592e-05
9.901	1.982252e-05
9.91	1.118785e-05
9.913375	2.138749e-05
9.92575	1.218879e-05
9.938125	1.148228e-05
9.9505	8.541963e-06
9.962875	1.349141e-05
9.971875	1.325714e-05
9.97525	1.586216e-05
9.987625	1.202653e-05
10.0	1.2382825000000001e-05
10.03375	9.140421e-06
10.09563	1.00375e-05
10.1575	1.294848e-05
10.21938	1.095149e-05
10.28125	1.633195e-05
10.34313	1.330439e-05
10.405	1.354684e-05
10.46688	1.433074e-05
10.52875	9.559204e-06
10.59063	1.51598e-05
10.61875	1.351653e-05
10.6525	1.341829e-05
10.71438	1.433977e-05
10.77625	1.447907e-05
10.83813	1.204937e-05
10.9	1.117171e-05
10.96188	9.755666e-06
11.02375	1.5891e-05
11.08563	1.82294e-05
11.1475	9.247937e-06
11.20938	1.066633e-05
11.2375	1.073241e-05
11.27125	1.030387e-05
11.33313	1.028894e-05
11.395	9.328166e-06
11.45688	1.16483e-05
11.51875	1.466692e-05
11.58063	1.333913e-05
11.6425	1.003413e-05
11.70438	1.043615e-05
11.76625	8.737849e-06
11.82813	1.187573e-05
11.85625	1.23739e-05
11.89	1.441087e-05
11.95188	1.562162e-05
12.01375	1.22999e-05
12.07563	9.337244e-06
12.1375	1.049051e-05
12.19938	1.161865e-05
12.26125	7.75831e-06
12.32313	1.013218e-05
12.385	1.226476e-05
12.44688	1.244101e-05
12.475	1.180217e-05
12.50875	9.29638e-06
12.57063	1.006697e-05
12.6325	1.45253e-05
12.69438	7.660899e-06
12.75625	1.046053e-05
12.81813	1.05244e-05
12.88	8.906893e-06
12.94188	1.282534e-05
13.00375	1.333975e-05
13.06563	9.232027e-06
13.09375	1.125197e-05
13.1275	8.659688e-06
13.18938	1.090855e-05
13.25125	1.050009e-05
13.31313	7.76133e-06
13.375	8.056268e-06
13.43688	8.460489e-06
13.49875	9.306816e-06
13.56063	7.067098e-06
13.6225	8.940082e-06
13.68438	1.126947e-05
13.7125	1.136134e-05
13.74625	1.038809e-05
13.80813	1.127804e-05
13.87	9.412477e-06
13.93188	5.772286e-06
13.99375	7.186416e-06
14.05563	8.635639e-06
14.1175	7.741087e-06
14.17938	6.406139e-06
14.24125	7.909837e-06
14.30313	9.685001e-06
14.33125	1.083604e-05
14.365	1.272227e-05
14.42688	1.355476e-05
14.48875	1.07779e-05
14.55063	1.193443e-05
14.6125	1.287162e-05
14.67438	1.129752e-05
14.73625	1.022812e-05
14.79813	1.000592e-05
14.86	8.8605e-06
14.92188	1.03479e-05
14.95	1.019822e-05
14.98375	8.831975e-06
15.04563	1.226646e-05
15.1075	1.209813e-05
15.16938	6.862958e-06
15.23125	1.1355e-05
15.29313	1.006843e-05
15.355	9.663115e-06
15.41688	9.143666e-06
15.47875	7.716033e-06
15.54063	8.962159e-06
15.56875	1.092048e-05
15.6025	9.939239e-06
15.66438	1.246701e-05
15.72625	1.213159e-05
15.78813	9.516632e-06
15.85	8.754233e-06
15.91188	1.22083e-05
15.97375	1.765879e-05
16.03563	1.695414e-05
16.0975	1.036029e-05
16.15938	9.397904e-06
16.1875	1.014714e-05
16.22125	1.331474e-05
16.28313	1.262463e-05
16.345	9.424306e-06
16.40688	9.694962e-06
16.46875	8.411795e-06
16.53063	1.00531e-05
16.5925	1.058418e-05
16.65438	1.034468e-05
16.71625	9.099308e-06
16.77813	1.089373e-05
16.80625	9.876008e-06
16.84	1.001619e-05
16.90188	8.09992e-06
16.96375	6.638761e-06
17.02563	7.868852e-06
17.0875	1.042714e-05
17.14938	1.049861e-05
17.21125	9.647883e-06
17.27313	1.155733e-05
17.335	1.027051e-05
17.39688	9.152862e-06
17.425	1.004213e-05
17.45875	7.979566e-06
17.52063	1.032318e-05
17.5825	1.063771e-05
17.64438	1.06568e-05
17.70625	9.826603e-06
17.76813	9.806445e-06
17.83	1.348067e-05
17.89188	1.159239e-05
17.95375	1.005336e-05
18.01563	8.58225e-06
18.04375	1.024935e-05
18.0775	7.717898e-06
18.13938	8.007883e-06
18.20125	6.683089e-06
18.26313	8.506419e-06
18.325	6.392892e-06
18.38688	6.832858e-06
18.44875	9.022283e-06
18.51063	1.025604e-05
18.5725	9.333364e-06
18.63438	7.722927e-06
18.6625	1.039819e-05
18.69625	6.015493e-06
18.75813	7.192639e-06
18.82	9.039159e-06
18.88188	1.285743e-05
18.94375	1.033747e-05
19.00563	6.54649e-06
19.0675	7.813665e-06
19.12938	8.856626e-06
19.19125	1.112337e-05
19.25313	1.115791e-05
19.28125	9.656704e-06
19.315	8.766933e-06
19.37688	1.106972e-05
19.43875	1.003285e-05
19.50063	8.789777e-06
19.5625	8.962582e-06
19.62438	6.136192e-06
19.68625	7.485534e-06
19.74813	7.076096e-06
19.81	9.231477e-06
19.87188	1.140764e-05
19.9	1.009324e-05
19.93375	9.201622e-06
19.99563	7.977419e-06
20.0575	7.879148e-06
20.11938	9.783573e-06
20.18125	1.000937e-05
20.24313	8.185782e-06
20.305	1.018198e-05
20.36688	6.694164e-06
20.42875	6.483189e-06
20.49063	6.673325e-06
20.51875	1.017947e-05
20.5525	5.830966e-06
20.61438	1.054681e-05
20.67625	8.701732e-06
20.73813	8.206949e-06
20.8	8.320455e-06
20.86188	6.408084e-06
20.92375	9.057867e-06
20.98563	8.369549e-06
21.0475	9.721582e-06
21.10938	1.100349e-05
21.1375	9.78203e-06
21.17125	7.583054e-06
21.23313	6.740692e-06
21.295	7.601681e-06
21.35688	9.240632e-06
21.41875	8.727311e-06
21.48063	7.083343e-06
21.5425	1.033256e-05
21.60438	1.050878e-05
21.66625	8.789477e-06
21.72813	9.307102e-06
21.75625	9.34046e-06
21.79	8.276679e-06
21.85188	8.042054e-06
21.91375	5.954908e-06
21.97563	6.355948e-06
22.0375	9.230127e-06
22.09938	8.031964e-06
22.16125	9.325611e-06
22.22313	1.105086e-05
22.285	9.43476e-06
22.34688	5.68826e-06
22.375	9.407965e-06
22.40875	9.513952e-06
22.47063	1.168025e-05
22.5325	1.029555e-05
22.59438	6.382802e-06
22.65625	5.358877e-06
22.71813	9.197199e-06
22.78	8.97032e-06
22.84188	5.804797e-06
22.90375	8.573123e-06
22.96563	7.772083e-06
22.99375	9.74874e-06
23.0275	8.71232e-06
23.08938	8.286628e-06
23.15125	6.831779e-06
23.21313	7.419228e-06
23.275	5.471691e-06
23.33688	7.366971e-06
23.39875	8.250328e-06
23.46063	1.057907e-05
23.5225	1.175704e-05
23.58438	1.358194e-05
23.6125	1.023897e-05
23.64625	9.91771e-06
23.70813	7.184205e-06
23.77	6.122227e-06
23.83188	9.325545e-06
23.89375	1.239986e-05
23.95563	9.675194e-06
24.0175	7.897025e-06
24.07938	7.481093e-06
24.14125	8.889379e-06
24.20313	9.145291e-06
24.23125	9.478803e-06
24.265	9.033046e-06
24.32688	8.421479e-06
24.38875	5.880378e-06
24.45063	6.327871e-06
24.5125	7.786185e-06
24.57438	5.495248e-06
24.63625	5.203426e-06
24.69813	7.082848e-06
24.76	6.366447e-06
24.82188	7.864577e-06
24.85	8.964963e-06
24.88375	7.027537e-06
24.94563	5.154461e-06
25.0075	6.654121e-06
25.06938	1.082769e-05
25.13125	1.119838e-05
25.19313	1.081565e-05
25.255	9.0014e-06
25.31688	1.023475e-05
25.37875	9.288054e-06
25.44063	9.374172e-06
25.46875	9.426475e-06
25.5025	9.812941e-06
25.56438	7.621436e-06
25.62625	1.013865e-05
25.68813	9.576003e-06
25.75	7.132548e-06
25.81188	7.517507e-06
25.87375	9.112597e-06
25.93563	9.031138e-06
25.9975	1.081407e-05
26.05938	8.761287e-06
26.0875	9.616782e-06
26.12125	6.444877e-06
26.18313	4.994424e-06
26.245	4.493823e-06
26.30688	8.532846e-06
26.36875	8.978143e-06
26.43063	8.463782e-06
26.4925	9.585576e-06
26.55438	9.534143e-06
26.61625	6.740669e-06
26.67813	7.335048e-06
26.70625	9.299076e-06
26.74	8.26742e-06
26.80188	7.400526e-06
26.86375	6.716191e-06
26.92563	5.867343e-06
26.9875	5.342102e-06
27.04938	7.982428e-06
27.11125	7.111383e-06
27.17313	6.561431e-06
27.235	9.621937e-06
27.29688	6.458494e-06
27.325	9.37042e-06
27.35875	7.256408e-06
27.42063	8.791421e-06
27.4825	7.881679e-06
27.54438	9.027647e-06
27.60625	9.711209e-06
27.66813	8.243907e-06
27.73	8.210217e-06
27.79188	8.652336e-06
27.85375	6.667187e-06
27.91563	5.501739e-06
27.94375	8.491805e-06
27.9775	8.385116e-06
28.03938	8.570592e-06
28.10125	8.249691e-06
28.16313	8.196284e-06
28.225	9.26684e-06
28.28688	7.525883e-06
28.34875	8.329805e-06
28.41063	8.20339e-06
28.4725	6.121122e-06
28.53438	8.626465e-06
28.5625	8.544202e-06
28.59625	7.314091e-06
28.65813	5.475938e-06
28.72	7.522568e-06
28.78188	7.866984e-06
28.84375	8.919329e-06
28.90563	1.031736e-05
28.9675	1.034558e-05
29.02938	9.86167e-06
29.09125	8.458538e-06
29.15313	8.60829e-06
29.18125	8.166826e-06
29.215	7.295578e-06
29.27688	6.154334e-06
29.33875	7.773176e-06
29.40063	6.242184e-06
29.4625	8.025224e-06
29.52438	8.426871e-06
29.58625	6.479749e-06
29.64813	6.607106e-06
29.71	7.086072e-06
29.77188	9.066788e-06
29.8	8.53707e-06
29.83375	7.018523e-06
29.89563	7.197427e-06
29.9575	8.320517e-06
30.01938	1.092973e-05
30.08125	1.033379e-05
30.14313	7.244732e-06
30.205	9.659822e-06
30.26688	1.063458e-05
30.32875	1.044022e-05
30.39063	8.458762e-06
30.41875	8.766205e-06
30.4525	8.358624e-06
30.51438	1.109946e-05
30.57625	6.625407e-06
30.63813	7.48294e-06
30.7	7.161536e-06
30.76188	7.398996e-06
30.82375	6.427207e-06
30.88563	7.228259e-06
30.9475	8.155942e-06
31.00938	6.350307e-06
31.0375	8.3092e-06
31.07125	8.036283e-06
31.13313	7.255461e-06
31.195	7.418456e-06
31.25688	1.117015e-05
31.31875	1.15739e-05
31.38063	6.470817e-06
31.4425	8.4246e-06
31.50438	6.523974e-06
31.56625	7.518835e-06
31.62813	7.199364e-06
31.65625	8.038242e-06
31.69	7.624516e-06
31.75188	8.731124e-06
31.81375	9.332402e-06
31.87563	1.024637e-05
31.9375	7.895258e-06
31.99938	6.956935e-06
32.06125	8.145568e-06
32.12313	5.990342e-06
32.185	7.381075e-06
32.24688	7.103704e-06
32.275	8.227777e-06
32.30875	7.309802e-06
32.37063	7.887854e-06
32.4325	9.309503e-06
32.49438	9.778145e-06
32.55625	6.978094e-06
32.61813	8.502343e-06
32.68	8.944535e-06
32.74188	8.699746e-06
32.80375	6.049753e-06
32.86563	7.839115e-06
32.89375	8.104332e-06
32.9275	1.262822e-05
32.98938	9.697783e-06
33.05125	6.292664e-06
33.11313	7.742447e-06
33.175	1.12189e-05
33.23688	1.052081e-05
33.29875	8.625566e-06
33.36063	9.383129e-06
33.4225	1.058886e-05
33.48438	8.79327e-06
33.5125	8.27945e-06
33.54625	7.626404e-06
33.60813	7.030477e-06
33.67	7.345292e-06
33.73188	8.985791e-06
33.79375	9.847737e-06
33.85563	9.500954e-06
33.9175	7.791085e-06
33.97938	7.402015e-06
34.04125	9.595115e-06
34.10313	7.453095e-06
34.13125	8.939774e-06
34.165	7.229644e-06
34.22688	9.184824e-06
34.28875	9.753348e-06
34.35063	7.878694e-06
34.4125	7.84126e-06
34.47438	6.935672e-06
34.53625	7.671382e-06
34.59813	7.913885e-06
34.66	8.312251e-06
34.72188	7.536433e-06
34.75	9.311912e-06
34.78375	9.707268e-06
34.84563	1.311475e-05
34.9075	9.868647e-06
34.96938	7.574326e-06
35.03125	6.463817e-06
35.09313	8.085321e-06
35.155	9.154613e-06
35.21688	1.003916e-05
35.27875	9.415977e-06
35.34063	8.706791e-06
35.36875	8.931341e-06
35.4025	9.967015e-06
35.46438	1.203007e-05
35.52625	8.924214e-06
35.58813	6.476897e-06
35.65	7.816052e-06
35.71188	7.748882e-06
35.77375	5.443239e-06
35.83563	8.774898e-06
35.8975	8.28088e-06
35.95938	8.512867e-06
35.9875	8.765252e-06
36.02125	9.566372e-06
36.08313	1.147614e-05
36.145	9.130162e-06
36.20688	1.030258e-05
36.26875	1.059102e-05
36.33063	6.618359e-06
36.3925	9.271195e-06
36.45438	1.176537e-05
36.51625	9.919877e-06
36.57813	8.574776e-06
36.60625	7.580314e-06
36.64	9.743195e-06
36.70188	8.827521e-06
36.76375	9.135615e-06
36.82563	1.048349e-05
36.8875	7.06632e-06
36.94938	6.233869e-06
37.01125	8.056172e-06
37.07313	5.91356e-06
37.135	6.089606e-06
37.19688	5.847198e-06
37.225	7.923127e-06
37.25875	7.401261e-06
37.32063	9.589154e-06
37.3825	8.041593e-06
37.44438	6.078665e-06
37.50625	6.899325e-06
37.56813	8.729662e-06
37.63	9.245434e-06
37.69188	9.331076e-06
37.75375	8.617298e-06
37.81563	9.776037e-06
37.84375	8.663552e-06
37.8775	9.099594e-06
37.93938	6.415214e-06
38.00125	7.209187e-06
38.06313	7.524614e-06
38.125	6.397872e-06
38.18688	9.766706e-06
38.24875	8.620299e-06
38.31063	1.062569e-05
38.3725	9.841965e-06
38.43438	6.952091e-06
38.4625	8.437783e-06
38.49625	7.237417e-06
38.55813	5.459901e-06
38.62	8.096641e-06
38.68188	9.261634e-06
38.74375	9.295323e-06
38.80563	7.893911e-06
38.8675	8.001651e-06
38.92938	6.163515e-06
38.99125	6.911606e-06
39.05313	7.626416e-06
39.08125	8.045474e-06
39.115	6.943131e-06
39.17688	8.684231e-06
39.23875	1.07198e-05
39.30063	1.088711e-05
39.3625	9.94941e-06
39.42438	9.333955e-06
39.48625	1.16224e-05
39.54813	1.422417e-05
39.61	1.033506e-05
39.67188	8.802159e-06
39.7	8.158097e-06
39.73375	8.267413e-06
39.79563	6.39857e-06
39.8575	6.272536e-06
39.91938	8.006617e-06
39.98125	6.398996e-06
40.04313	8.924423e-06
40.105	9.782524e-06
40.16688	7.569791e-06
40.22875	1.004948e-05
40.29063	1.190405e-05
40.31875	8.889753e-06
40.3525	1.195452e-05
40.41438	1.01156e-05
40.47625	7.056934e-06
40.53813	7.781747e-06
40.6	8.15435e-06
40.66188	6.664982e-06
40.72375	8.676122e-06
40.78563	9.642976e-06
40.8475	7.867127e-06
40.90938	7.905486e-06
40.9375	8.104751e-06
40.97125	6.360331e-06
41.03313	7.251483e-06
41.095	9.953997e-06
41.15688	7.841203e-06
41.21875	7.31752e-06
41.28063	8.003172e-06
41.3425	8.670216e-06
41.40438	8.712548e-06
41.46625	7.877645e-06
41.52813	6.478744e-06
41.55625	8.036969e-06
41.59	6.847163e-06
41.65188	7.137033e-06
41.71375	5.659957e-06
41.77563	7.873382e-06
41.8375	9.692886e-06
41.89938	9.523576e-06
41.96125	9.771623e-06
42.02313	9.64491e-06
42.085	1.040352e-05
42.14688	1.038991e-05
42.175	8.353888e-06
42.20875	9.876389e-06
42.27063	8.657029e-06
42.3325	6.888106e-06
42.39438	7.982391e-06
42.45625	6.287977e-06
42.51813	6.579391e-06
42.58	7.23838e-06
42.64188	7.166813e-06
42.70375	7.683143e-06
42.76563	8.963137e-06
42.79375	8.307608e-06
42.8275	7.28837e-06
42.88938	8.137031e-06
42.95125	6.433647e-06
43.01313	7.292175e-06
43.075	9.009211e-06
43.13688	9.821503e-06
43.19875	8.668414e-06
43.26063	7.504979e-06
43.3225	5.66493e-06
43.38438	5.638766e-06
43.4125	8.248957e-06
43.44625	7.534402e-06
43.50813	6.769552e-06
43.57	7.99488e-06
43.63188	7.101236e-06
43.69375	6.884572e-06
43.75563	6.473583e-06
43.8175	7.70581e-06
43.87938	9.429249e-06
43.94125	8.217355e-06
44.00313	9.285775e-06
44.03125	8.491287e-06
44.065	1.069303e-05
44.12688	1.020185e-05
44.18875	9.646301e-06
44.25063	7.992578e-06
44.3125	8.374096e-06
44.37438	8.489974e-06
44.43625	9.162439e-06
44.49813	7.416598e-06
44.56	7.629892e-06
44.62188	7.33062e-06
44.65	8.333489e-06
44.68375	9.19781e-06
44.74563	8.736809e-06
44.8075	7.377e-06
44.86938	8.010389e-06
44.93125	6.332901e-06
44.99313	8.337975e-06
45.055	7.688952e-06
45.11688	8.98857e-06
45.17875	7.830763e-06
45.24063	6.125294e-06
45.26875	7.621596e-06
45.3025	4.549246e-06
45.36438	8.730991e-06
45.42625	9.689176e-06
45.48813	6.654713e-06
45.55	7.971757e-06
45.61188	1.026473e-05
45.67375	9.59916e-06
45.73563	1.014076e-05
45.7975	9.575701e-06
45.85938	8.333205e-06
45.8875	8.283742e-06
45.92125	1.040167e-05
45.98313	1.022328e-05
46.045	8.045087e-06
46.10688	9.453303e-06
46.16875	1.063602e-05
46.23063	1.186299e-05
46.2925	1.069879e-05
46.35438	9.262839e-06
46.41625	1.014356e-05
46.47813	8.311573e-06
46.50625	8.361939e-06
46.54	6.560587e-06
46.60188	9.057424e-06
46.66375	9.189393e-06
46.72563	7.096889e-06
46.7875	6.666621e-06
46.84938	7.719164e-06
46.91125	5.4654e-06
46.97313	7.661677e-06
47.035	6.071691e-06
47.09688	5.355793e-06
47.125	8.388644e-06
47.15875	7.929365e-06
47.22063	8.182837e-06
47.2825	8.768859e-06
47.34438	7.52266e-06
47.40625	3.857718e-06
47.46813	4.927061e-06
47.53	7.657369e-06
47.59188	7.090331e-06
47.65375	7.232523e-06
47.71563	8.22173e-06
47.74375	8.295728e-06
47.7775	1.096277e-05
47.83938	1.07861e-05
47.90125	8.350339e-06
47.96313	7.329447e-06
48.025	8.595724e-06
48.08688	8.635439e-06
48.14875	8.577158e-06
48.21063	8.127239e-06
48.2725	9.030865e-06
48.33438	9.401983e-06
48.3625	9.088995e-06
48.39625	6.937397e-06
48.45813	7.407279e-06
48.52	6.547599e-06
48.58188	6.404981e-06
48.64375	7.363935e-06
48.70563	6.751131e-06
48.7675	5.721193e-06
48.82938	6.164328e-06
48.89125	5.92519e-06
48.95313	7.872641e-06
48.98125	2.160521e-05
49.015	9.380855e-06
49.07688	9.194732e-06
49.13875	8.670801e-06
49.20063	9.30308e-06
49.2625	7.911078e-06
49.32438	8.990189e-06
49.38625	7.118889e-06
49.44813	3.634615e-06
49.51	6.549353e-06
49.57188	1.034225e-05
49.6	0.000141685
49.63375	8.612716e-06
49.69563	7.652168e-06
49.7575	9.642328e-06
49.81938	1.362223e-05
49.88125	4.10363e-05
49.94313	0.0003897075
50.005	0.0005663541
50.06688	0.0002095641
50.12875	1.57422e-05
50.19063	6.424314e-06
50.21875	0.0001686012
50.2525	9.754264e-06
50.31438	9.945632e-06
50.37625	7.211211e-06
50.43813	7.051899e-06
50.5	7.967268e-06
50.56188	8.354234e-06
50.62375	7.878848e-06
50.68563	6.858035e-06
50.7475	5.774977e-06
50.80938	5.923236e-06
50.8375	4.560611e-05
50.87125	6.385429e-06
50.93313	5.367291e-06
50.995	7.777121e-06
51.05688	8.727932e-06
51.11875	8.438433e-06
51.18063	9.213969e-06
51.2425	1.184066e-05
51.30438	1.019297e-05
51.36625	8.691196e-06
51.42813	1.032651e-05
51.45625	8.697512e-06
51.49	9.591496e-06
51.55188	6.157748e-06
51.61375	8.902717e-06
51.67563	1.092502e-05
51.7375	7.920342e-06
51.79938	7.525325e-06
51.86125	8.960369e-06
51.92313	7.033491e-06
51.985	7.837168e-06
52.04688	9.909461e-06
52.075	7.979907e-06
52.10875	9.443467e-06
52.17063	7.004561e-06
52.2325	9.070293e-06
52.29438	8.84224e-06
52.35625	9.679228e-06
52.41813	9.0007e-06
52.48	6.808578e-06
52.54188	6.694339e-06
52.60375	7.915736e-06
52.66563	1.031997e-05
52.69375	8.085487e-06
52.7275	8.857648e-06
52.78938	5.889207e-06
52.85125	8.048339e-06
52.91313	8.175189e-06
52.975	8.091461e-06
53.03688	8.147436e-06
53.09875	7.094451e-06
53.16063	8.134213e-06
53.2225	7.788868e-06
53.28438	8.021316e-06
53.3125	7.796475e-06
53.34625	6.751354e-06
53.40813	5.866705e-06
53.47	5.38383e-06
53.53188	6.653171e-06
53.59375	6.189387e-06
53.65563	4.961613e-06
53.7175	8.312979e-06
53.77938	6.902684e-06
53.84125	7.290784e-06
53.90313	6.734831e-06
53.93125	7.7287e-06
53.965	8.165906e-06
54.02688	8.127811e-06
54.08875	8.25053e-06
54.15063	7.705712e-06
54.2125	8.938799e-06
54.27438	8.71354e-06
54.33625	9.051364e-06
54.39813	9.140363e-06
54.46	9.453906e-06
54.52188	5.940012e-06
54.55	8.274552e-06
54.58375	5.393409e-06
54.64563	6.468832e-06
54.7075	7.911041e-06
54.76938	8.141023e-06
54.83125	9.104954e-06
54.89313	1.004666e-05
54.955	8.354622e-06
55.01688	9.131554e-06
55.07875	7.288773e-06
55.14063	5.129753e-06
55.16875	7.800278e-06
55.2025	6.137247e-06
55.26438	8.005319e-06
55.32625	6.859023e-06
55.38813	6.905547e-06
55.45	9.066704e-06
55.51188	9.34106e-06
55.57375	1.216841e-05
55.63563	1.113309e-05
55.6975	7.450043e-06
55.75938	3.789036e-06
55.7875	7.618189e-06
55.82125	5.801085e-06
55.88313	7.407488e-06
55.945	7.403988e-06
56.00688	9.653165e-06
56.06875	9.961625e-06
56.13063	1.00422e-05
56.1925	8.294905e-06
56.25438	6.552383e-06
56.31625	7.454725e-06
56.37813	7.832415e-06
56.40625	7.33866e-06
56.44	8.355966e-06
56.50188	7.326417e-06
56.56375	8.75467e-06
56.62563	7.828471e-06
56.6875	6.722486e-06
56.74938	7.647656e-06
56.81125	8.145049e-06
56.87313	7.9189e-06
56.935	7.1393e-06
56.99688	8.232902e-06
57.025	7.904433e-06
57.05875	1.008516e-05
57.12063	5.461523e-06
57.1825	6.291777e-06
57.24438	5.72891e-06
57.30625	6.45034e-06
57.36813	7.422318e-06
57.43	8.666992e-06
57.49188	7.216365e-06
57.55375	7.949634e-06
57.61563	9.20711e-06
57.64375	8.502012e-06
57.6775	8.498827e-06
57.73938	6.348287e-06
57.80125	7.829848e-06
57.86313	9.626282e-06
57.925	9.531775e-06
57.98688	5.826107e-06
58.04875	6.2255e-06
58.11063	6.922278e-06
58.1725	6.921617e-06
58.23438	7.06919e-06
58.2625	8.155334e-06
58.29625	7.49572e-06
58.35813	5.875253e-06
58.42	6.118764e-06
58.48188	8.606961e-06
58.54375	7.556179e-06
58.60563	7.047902e-06
58.6675	7.198583e-06
58.72938	7.22909e-06
58.79125	7.91843e-06
58.85313	9.852223e-06
58.88125	7.584433e-06
58.915	1.035658e-05
58.97688	8.656513e-06
59.03875	9.562144e-06
59.10063	1.030576e-05
59.1625	8.120275e-06
59.22438	8.668786e-06
59.28625	8.154104e-06
59.34813	7.126259e-06
59.41	9.190397e-06
59.47188	5.544105e-06
59.5	7.78324e-06
59.53375	7.612653e-06
59.59563	1.046312e-05
59.6575	9.88616e-06
59.71938	8.74678e-06
59.78125	7.36131e-06
59.84313	4.352669e-06
59.905	6.384716e-06
59.96688	7.539499e-06
60.02875	7.552369e-06
60.09063	6.595692e-06
60.11875	7.710424e-06
60.1525	6.153725e-06
60.21438	7.692731e-06
60.27625	6.531708e-06
60.33813	7.008277e-06
60.4	5.574948e-06
60.46188	6.148936e-06
60.52375	1.168681e-05
60.58563	1.195826e-05
60.6475	1.013127e-05
60.70938	7.580716e-06
60.7375	7.482529e-06
60.77125	9.567102e-06
60.83313	9.561884e-06
60.895	8.31708e-06
60.95688	6.894315e-06
61.01875	6.620322e-06
61.08063	6.977786e-06
61.1425	5.949345e-06
61.20438	6.786479e-06
61.26625	1.047072e-05
61.32813	1.261391e-05
61.35625	7.336842e-06
61.39	9.555605e-06
61.45188	6.411633e-06
61.51375	7.407401e-06
61.57563	6.743483e-06
61.6375	8.226619e-06
61.69938	9.660303e-06
61.76125	1.034137e-05
61.82313	8.794212e-06
61.885	8.36405e-06
61.94688	9.266113e-06
61.975	7.855811e-06
62.00875	9.370345e-06
62.07063	7.447801e-06
62.1325	6.918927e-06
62.19438	7.239183e-06
62.25625	8.055215e-06
62.31813	1.259984e-05
62.38	1.031756e-05
62.44188	7.858987e-06
62.50375	8.056455e-06
62.56563	1.060922e-05
62.59375	8.009958e-06
62.6275	8.255503e-06
62.68938	7.852982e-06
62.75125	8.832132e-06
62.81313	9.216039e-06
62.875	9.241687e-06
62.93688	8.300644e-06
62.99875	6.520144e-06
63.06063	5.955256e-06
63.1225	8.591148e-06
63.18438	8.556171e-06
63.2125	7.814231e-06
63.24625	7.591528e-06
63.30813	7.820379e-06
63.37	8.545923e-06
63.43188	6.706994e-06
63.49375	7.24093e-06
63.55563	5.529952e-06
63.6175	6.611295e-06
63.67938	7.901929e-06
63.74125	8.295993e-06
63.80313	8.111148e-06
63.83125	8.045387e-06
63.865	6.499658e-06
63.92688	7.996634e-06
63.98875	7.984178e-06
64.05063	7.406562e-06
64.1125	8.857295e-06
64.17438	7.914525e-06
64.23625	4.817998e-06
64.29813	6.902664e-06
64.36	8.771414e-06
64.42188	8.05135e-06
64.45	7.879006e-06
64.48375	7.587616e-06
64.54563	7.044758e-06
64.6075	8.184961e-06
64.66938	5.96e-06
64.73125	6.901274e-06
64.79313	6.521359e-06
64.855	4.568842e-06
64.91688	5.139303e-06
64.97875	8.305125e-06
65.04063	1.008087e-05
65.06875	8.432149e-06
65.1025	9.244877e-06
65.16438	8.999417e-06
65.22625	1.027625e-05
65.28813	8.83169e-06
65.35	7.818429e-06
65.41188	8.690718e-06
65.47375	9.199286e-06
65.53563	7.922261e-06
65.5975	7.43239e-06
65.65938	8.513529e-06
65.6875	8.021573e-06
65.72125	1.12759e-05
65.78313	1.069725e-05
65.845	1.128901e-05
65.90688	9.736022e-06
65.96875	7.939935e-06
66.03063	8.211248e-06
66.0925	6.97508e-06
66.15438	5.818077e-06
66.21625	7.968482e-06
66.27813	7.680462e-06
66.30625	7.410217e-06
66.34	6.658135e-06
66.40188	7.512068e-06
66.46375	5.727383e-06
66.52563	6.732853e-06
66.5875	8.719162e-06
66.64938	9.412475e-06
66.71125	8.941648e-06
66.77313	8.147485e-06
66.835	7.536575e-06
66.89688	7.187985e-06
66.925	7.366779e-06
66.95875	7.613104e-06
67.02063	7.958318e-06
67.0825	8.564919e-06
67.14438	7.433776e-06
67.20625	5.670314e-06
67.26813	6.879343e-06
67.33	7.58983e-06
67.39188	7.706574e-06
67.45375	7.92015e-06
67.51563	8.418139e-06
67.54375	7.443521e-06
67.5775	7.223998e-06
67.63938	8.379237e-06
67.70125	7.668348e-06
67.76313	5.989006e-06
67.825	7.632157e-06
67.88688	8.543707e-06
67.94875	6.108492e-06
68.01063	7.338934e-06
68.0725	5.218788e-06
68.13438	6.060021e-06
68.1625	7.406649e-06
68.19625	5.605432e-06
68.25813	7.369921e-06
68.32	6.639865e-06
68.38188	9.421845e-06
68.44375	7.641811e-06
68.50563	8.177958e-06
68.5675	8.100653e-06
68.62938	7.177913e-06
68.69125	4.832866e-06
68.75313	6.272182e-06
68.78125	8.074102e-06
68.815	9.105142e-06
68.87688	9.496266e-06
68.93875	6.947873e-06
69.00063	5.961044e-06
69.0625	7.862487e-06
69.12438	8.258444e-06
69.18625	8.794118e-06
69.24813	6.781172e-06
69.31	7.002835e-06
69.37188	6.13828e-06
69.4	8.571421e-06
69.43375	6.762843e-06
69.49563	7.788713e-06
69.5575	9.06684e-06
69.61938	9.698646e-06
69.68125	6.913343e-06
69.74313	7.946704e-06
69.805	9.579192e-06
69.86688	8.173737e-06
69.92875	7.599396e-06
69.99063	7.120055e-06
70.01875	7.740081e-06
70.0525	7.512956e-06
70.11438	6.195957e-06
70.17625	8.097262e-06
70.23813	1.017494e-05
70.3	8.597577e-06
70.36188	6.795795e-06
70.42375	7.058192e-06
70.48563	4.605257e-06
70.5475	4.784921e-06
70.60938	6.654917e-06
70.6375	7.529221e-06
70.67125	1.032259e-05
70.73313	1.057358e-05
70.795	8.893938e-06
70.85688	9.233794e-06
70.91875	8.840102e-06
70.98063	7.146887e-06
71.0425	9.798058e-06
71.10438	9.758613e-06
71.16625	7.759192e-06
71.22813	7.110565e-06
71.25625	8.193866e-06
71.29	9.350432e-06
71.35188	8.366987e-06
71.41375	7.172162e-06
71.47563	6.359976e-06
71.5375	7.037306e-06
71.59938	6.771452e-06
71.66125	7.98757e-06
71.72313	7.142987e-06
71.785	7.031353e-06
71.84688	5.790359e-06
71.875	7.930522e-06
71.90875	6.824755e-06
71.97063	8.120459e-06
72.0325	9.582145e-06
72.09438	9.367799e-06
72.15625	1.046175e-05
72.21813	1.11296e-05
72.28	8.252153e-06
72.34188	1.055495e-05
72.40375	1.243257e-05
72.46563	7.87785e-06
72.49375	7.546312e-06
72.5275	6.623424e-06
72.58938	8.076944e-06
72.65125	8.293954e-06
72.71313	7.804968e-06
72.775	6.433337e-06
72.83688	8.061513e-06
72.89875	8.078516e-06
72.96063	8.719827e-06
73.0225	5.21833e-06
73.08438	5.976396e-06
73.1125	7.812815e-06
73.14625	6.743348e-06
73.20813	6.358991e-06
73.27	6.919513e-06
73.33188	6.911694e-06
73.39375	5.657549e-06
73.45563	7.946301e-06
73.5175	7.916858e-06
73.57938	7.029249e-06
73.64125	7.662259e-06
73.70313	8.48301e-06
73.73125	8.179501e-06
73.765	1.031082e-05
73.82688	9.364317e-06
73.88875	8.940159e-06
73.95063	7.275391e-06
74.0125	6.947061e-06
74.07438	7.823911e-06
74.13625	7.312929e-06
74.19813	7.570767e-06
74.26	7.573195e-06
74.32188	7.334128e-06
74.35	8.027581e-06
74.38375	7.627557e-06
74.44563	8.000853e-06
74.5075	7.679594e-06
74.56938	6.862231e-06
74.63125	4.005764e-06
74.69313	4.570729e-06
74.755	9.35913e-06
74.81688	9.402368e-06
74.87875	8.3643e-06
74.94063	9.293951e-06
74.96875	7.858068e-06
75.0025	7.568035e-06
75.06438	6.697759e-06
75.12625	8.647895e-06
75.18813	7.807645e-06
75.25	8.011767e-06
75.31188	7.143773e-06
75.37375	7.925191e-06
75.43563	9.205901e-06
75.4975	9.489542e-06
75.55938	7.977004e-06
75.5875	7.675513e-06
75.62125	6.521539e-06
75.68313	5.641671e-06
75.745	6.575531e-06
75.80688	9.054701e-06
75.86875	9.897358e-06
75.93063	7.487778e-06
75.9925	6.823827e-06
76.05438	8.072638e-06
76.11625	7.874514e-06
76.17813	6.700726e-06
76.20625	7.455002e-06
76.24	7.660914e-06
76.30188	7.204487e-06
76.36375	7.043739e-06
76.42563	6.165651e-06
76.4875	5.6244e-06
76.54938	7.272766e-06
76.61125	6.369185e-06
76.67313	6.517884e-06
76.735	7.99858e-06
76.79688	7.934743e-06
76.825	7.281812e-06
76.85875	9.314721e-06
76.92063	9.258602e-06
76.9825	9.221037e-06
77.04438	8.052955e-06
77.10625	9.40018e-06
77.16813	9.808292e-06
77.23	7.60864e-06
77.29188	6.684353e-06
77.35375	6.818403e-06
77.41563	8.041821e-06
77.44375	7.579424e-06
77.4775	9.168107e-06
77.53938	9.23768e-06
77.60125	7.251633e-06
77.66313	6.820368e-06
77.725	5.683942e-06
77.78688	5.357138e-06
77.84875	4.386498e-06
77.91063	5.931138e-06
77.9725	8.153406e-06
78.03438	7.092031e-06
78.0625	7.543847e-06
78.09625	6.106285e-06
78.15813	8.125908e-06
78.22	8.552956e-06
78.28188	5.623859e-06
78.34375	7.343848e-06
78.40563	1.011824e-05
78.4675	8.999261e-06
78.52938	6.894211e-06
78.59125	7.887447e-06
78.65313	7.15106e-06
78.68125	7.130002e-06
78.715	8.632586e-06
78.77688	6.200588e-06
78.83875	5.601317e-06
78.90063	7.712508e-06
78.9625	8.389152e-06
79.02438	8.15326e-06
79.08625	6.147594e-06
79.14813	5.608304e-06
79.21	7.09737e-06
79.27188	7.715718e-06
79.3	7.622385e-06
79.33375	5.947687e-06
79.39563	7.676453e-06
79.4575	9.12085e-06
79.51938	9.988503e-06
79.58125	8.919286e-06
79.64313	5.748037e-06
79.705	5.789447e-06
79.76688	7.712178e-06
79.82875	8.762602e-06
79.89063	9.493696e-06
79.91875	7.396603e-06
79.9525	1.086163e-05
80.01438	8.481162e-06
80.07625	6.925239e-06
80.13813	7.595419e-06
80.2	9.104579e-06
80.26188	8.560827e-06
80.32375	8.493723e-06
80.38563	6.557923e-06
80.4475	6.201249e-06
80.50938	8.226418e-06
80.5375	7.449759e-06
80.57125	9.530423e-06
80.63313	5.804368e-06
80.695	8.724021e-06
80.75688	1.010207e-05
80.81875	9.383719e-06
80.88063	8.34908e-06
80.9425	9.529014e-06
81.00438	1.260286e-05
81.06625	1.140194e-05
81.12813	9.35777e-06
81.15625	8.240499e-06
81.19	6.586105e-06
81.25188	7.712079e-06
81.31375	7.800314e-06
81.37563	4.722323e-06
81.4375	6.770756e-06
81.49938	8.17337e-06
81.56125	6.929354e-06
81.62313	7.289747e-06
81.685	7.845034e-06
81.74688	6.590129e-06
81.775	8.405112e-06
81.80875	6.28369e-06
81.87063	6.659621e-06
81.9325	6.084566e-06
81.99438	6.358046e-06
82.05625	7.808201e-06
82.11813	7.052909e-06
82.18	9.858683e-06
82.24188	9.752844e-06
82.30375	8.571394e-06
82.36563	9.095917e-06
82.39375	8.116125e-06
82.4275	7.288818e-06
82.48938	8.670487e-06
82.55125	7.372223e-06
82.61313	5.721809e-06
82.675	7.495969e-06
82.73688	9.018368e-06
82.79875	7.627417e-06
82.86063	4.778647e-06
82.9225	4.40278e-06
82.98438	7.552743e-06
83.0125	8.006432e-06
83.04625	1.019009e-05
83.10813	7.998649e-06
83.17	7.324166e-06
83.23188	8.772494e-06
83.29375	8.762748e-06
83.35563	6.512121e-06
83.4175	6.257512e-06
83.47938	6.239791e-06
83.54125	6.297843e-06
83.60313	7.757104e-06
83.63125	7.873082e-06
83.665	9.233008e-06
83.72688	9.020233e-06
83.78875	8.587556e-06
83.85063	6.971811e-06
83.9125	7.658024e-06
83.97438	7.932096e-06
84.03625	9.068957e-06
84.09813	7.747828e-06
84.16	9.455729e-06
84.22188	8.24378e-06
84.25	7.977223e-06
84.28375	6.852233e-06
84.34563	8.559055e-06
84.4075	9.103422e-06
84.46938	7.076619e-06
84.53125	6.692489e-06
84.59313	7.072796e-06
84.655	8.454722e-06
84.71688	7.402815e-06
84.77875	5.475356e-06
84.84063	6.983593e-06
84.86875	7.744664e-06
84.9025	8.545535e-06
84.96438	7.058621e-06
85.02625	7.964832e-06
85.08813	1.074171e-05
85.15	8.757669e-06
85.21188	9.17019e-06
85.27375	1.057122e-05
85.33563	8.625301e-06
85.3975	7.120448e-06
85.45938	7.067745e-06
85.4875	8.0224e-06
85.52125	8.60278e-06
85.58313	9.428169e-06
85.645	6.890664e-06
85.70688	6.534981e-06
85.76875	7.058875e-06
85.83063	7.76047e-06
85.8925	6.961426e-06
85.95438	5.655729e-06
86.01625	8.126367e-06
86.07813	9.917727e-06
86.10625	8.176278e-06
86.14	7.757165e-06
86.20188	7.591194e-06
86.26375	6.940147e-06
86.32563	5.375799e-06
86.3875	5.095843e-06
86.44938	6.870262e-06
86.51125	7.157965e-06
86.57313	6.218533e-06
86.635	5.879534e-06
86.69688	9.058614e-06
86.725	8.091474e-06
86.75875	9.753882e-06
86.82063	7.643842e-06
86.8825	5.345123e-06
86.94438	1.080438e-05
87.00625	7.000325e-06
87.06813	5.941423e-06
87.13	8.285179e-06
87.19188	7.728044e-06
87.25375	6.786879e-06
87.31563	5.445572e-06
87.34375	7.865926e-06
87.3775	5.612815e-06
87.43938	8.17414e-06
87.50125	7.550928e-06
87.56313	6.979144e-06
87.625	7.975106e-06
87.68688	6.788637e-06
87.74875	6.429504e-06
87.81063	5.324684e-06
87.8725	5.991617e-06
87.93438	7.447311e-06
87.9625	7.7259e-06
87.99625	1.013096e-05
88.05813	9.036961e-06
88.12	8.55901e-06
88.18188	8.775039e-06
88.24375	7.311073e-06
88.30563	5.180449e-06
88.3675	5.092617e-06
88.42938	6.965206e-06
88.49125	9.667389e-06
88.55313	9.359563e-06
88.58125	8.329455e-06
88.615	8.074442e-06
88.67688	7.526914e-06
88.73875	5.560872e-06
88.80063	5.847521e-06
88.8625	7.98333e-06
88.92438	8.923563e-06
88.98625	7.141116e-06
89.04813	6.651111e-06
89.11	7.717755e-06
89.17188	8.008006e-06
89.2	7.401325e-06
89.23375	8.886757e-06
89.29563	6.34285e-06
89.3575	6.886615e-06
89.41938	6.692508e-06
89.48125	6.52686e-06
89.54313	7.01526e-06
89.605	7.54259e-06
89.66688	9.535849e-06
89.72875	9.396739e-06
89.79063	7.568651e-06
89.81875	7.610502e-06
89.8525	6.084073e-06
89.91438	9.367366e-06
89.97625	6.772207e-06
90.03813	6.410534e-06
90.1	6.927501e-06
90.16188	7.140173e-06
90.22375	7.570316e-06
90.28563	7.096626e-06
90.3475	9.308144e-06
90.40938	9.819118e-06
90.4375	7.727616e-06
90.47125	7.525426e-06
90.53313	6.208139e-06
90.595	6.39551e-06
90.65688	4.969657e-06
90.71875	9.586509e-06
90.78063	8.461369e-06
90.8425	8.730257e-06
90.90438	7.242411e-06
90.96625	7.738279e-06
91.02813	1.060156e-05
91.05625	7.657129e-06
91.09	1.15315e-05
91.15188	7.691826e-06
91.21375	8.54636e-06
91.27563	8.847979e-06
91.3375	6.911901e-06
91.39938	7.27428e-06
91.46125	1.012583e-05
91.52313	1.084488e-05
91.585	9.682367e-06
91.64688	1.046799e-05
91.675	8.426875e-06
91.70875	8.541181e-06
91.77063	7.310216e-06
91.8325	9.300808e-06
91.89438	9.014493e-06
91.95625	8.185032e-06
92.01813	8.913122e-06
92.08	9.115308e-06
92.14188	6.946341e-06
92.20375	7.842182e-06
92.26563	7.80682e-06
92.29375	8.228853e-06
92.3275	5.82564e-06
92.38938	6.294634e-06
92.45125	8.326275e-06
92.51313	7.314241e-06
92.575	6.354183e-06
92.63688	9.898873e-06
92.69875	1.073213e-05
92.76063	8.805968e-06
92.8225	5.452793e-06
92.88438	7.117558e-06
92.9125	7.615599e-06
92.94625	9.073314e-06
93.00813	8.062758e-06
93.07	5.767782e-06
93.13188	7.278644e-06
93.19375	7.331725e-06
93.25563	5.157968e-06
93.3175	5.923447e-06
93.37938	6.565719e-06
93.44125	6.780413e-06
93.50313	7.801776e-06
93.53125	7.626114e-06
93.565	8.906699e-06
93.62688	8.776156e-06
93.68875	6.480081e-06
93.75063	6.853772e-06
93.8125	7.280255e-06
93.87438	9.281758e-06
93.93625	8.626035e-06
93.99813	6.62134e-06
94.06	5.244977e-06
94.12188	5.753704e-06
94.15	8.205314e-06
94.18375	4.9376e-06
94.24563	6.111208e-06
94.3075	8.603662e-06
94.36938	6.202973e-06
94.43125	5.955427e-06
94.49313	5.864115e-06
94.555	6.682189e-06
94.61688	6.280449e-06
94.67875	6.875589e-06
94.74063	8.240985e-06
94.76875	8.226051e-06
94.8025	7.614061e-06
94.86438	9.511526e-06
94.92625	9.030811e-06
94.98813	7.632133e-06
95.05	7.094543e-06
95.11188	7.084131e-06
95.17375	5.525508e-06
95.23563	7.378396e-06
95.2975	7.901806e-06
95.35938	7.578956e-06
95.3875	7.990424e-06
95.42125	7.0306e-06
95.48313	8.775698e-06
95.545	8.375724e-06
95.60688	8.9416e-06
95.66875	8.528553e-06
95.73063	6.236642e-06
95.7925	5.381289e-06
95.85438	6.907615e-06
95.91625	8.664409e-06
95.97813	7.428705e-06
96.00625	8.266042e-06
96.04	6.750801e-06
96.10188	4.594594e-06
96.16375	6.644785e-06
96.22563	8.852368e-06
96.2875	5.920334e-06
96.34938	8.844921e-06
96.41125	9.852911e-06
96.47313	6.723054e-06
96.535	5.135259e-06
96.59688	8.956857e-06
96.625	8.352027e-06
96.65875	9.946781e-06
96.72063	8.042737e-06
96.7825	6.482449e-06
96.84438	6.414446e-06
96.90625	8.096387e-06
96.96813	7.587745e-06
97.03	8.083663e-06
97.09188	7.929028e-06
97.15375	8.665747e-06
97.21563	8.966622e-06
97.24375	8.326943e-06
97.2775	6.605035e-06
97.33938	5.107712e-06
97.40125	8.174808e-06
97.46313	8.964379e-06
97.525	8.323297e-06
97.58688	7.209917e-06
97.64875	7.876191e-06
97.71063	8.088812e-06
97.7725	7.241393e-06
97.83438	6.775109e-06
97.8625	7.853061e-06
97.89625	7.40635e-06
97.95813	9.120747e-06
98.02	9.824602e-06
98.08188	7.575028e-06
98.14375	5.793381e-06
98.20563	7.239195e-06
98.2675	7.539349e-06
98.32938	7.537729e-06
98.39125	7.549869e-06
98.45313	6.9529e-06
98.48125	7.47498e-06
98.515	6.482505e-06
98.57688	8.341256e-06
98.63875	9.11436e-06
98.70063	6.873262e-06
98.7625	6.14633e-06
98.82438	5.963166e-06
98.88625	6.289137e-06
98.94813	7.793495e-06
99.01	5.270879e-06
99.07188	5.895268e-06
99.1	1.288269e-05
99.13375	7.822625e-06
99.19563	9.817592e-06
99.2575	1.007896e-05
99.31938	7.243071e-06
99.38125	7.028125e-06
99.44313	7.019543e-06
99.505	6.684773e-06
99.56688	6.912384e-06
99.62875	9.073257e-06
99.69063	6.405401e-06
99.71875	3.901045e-05
99.7525	6.322656e-06
99.81438	8.430674e-06
99.87625	2.120826e-05
99.93813	9.627648e-05
100.0	0.0001245748
100.3375	3.500265e-05
100.9563	9.139129e-06
101.575	7.041277e-06
102.1938	7.358783e-06
102.8125	7.659789e-06
103.4313	7.171862e-06
104.05	7.37313e-06
104.6688	7.285556e-06
105.2875	7.262047e-06
105.9063	7.583066e-06
106.525	7.90532e-06
107.1438	8.139366e-06
107.7625	8.549215e-06
108.3813	8.230402e-06
109.0	7.219479e-06
109.6188	7.322353e-06
110.2375	8.176371e-06
110.8563	7.612266e-06
111.475	7.509155e-06
112.0938	7.715257e-06
112.7125	7.78256e-06
113.3313	8.01087e-06
113.95	8.224162e-06
114.5688	7.922045e-06
115.1875	7.567992e-06
115.8063	8.113917e-06
116.425	7.785765e-06
117.0438	8.132261e-06
117.6625	7.920474e-06
118.2813	7.659293e-06
118.9	7.474388e-06
119.5188	7.86162e-06
120.1375	7.699252e-06
120.7563	7.596697e-06
121.375	7.713531e-06
121.9938	7.854107e-06
122.6125	6.995603e-06
123.2313	7.451349e-06
123.85	7.479765e-06
124.4688	7.162279e-06
125.0875	7.587329e-06
125.7063	7.524045e-06
126.325	8.137895e-06
126.9438	8.823918e-06
127.5625	7.650037e-06
128.1813	7.333781e-06
128.8	7.366218e-06
129.4188	7.475528e-06
130.0375	8.361732e-06
130.6563	8.19719e-06
131.275	7.676944e-06
131.8938	7.348429e-06
132.5125	7.693247e-06
133.1313	7.97738e-06
133.75	7.415663e-06
134.3688	7.657352e-06
134.9875	7.757798e-06
135.6063	7.684314e-06
136.225	7.968773e-06
136.8438	7.73503e-06
137.4625	7.389915e-06
138.0813	6.800811e-06
138.7	7.524922e-06
139.3188	7.693564e-06
139.9375	7.78825e-06
140.5563	7.723416e-06
141.175	8.399902e-06
141.7938	7.902907e-06
142.4125	7.183701e-06
143.0313	7.307915e-06
143.65	7.29481e-06
144.2688	7.984052e-06
144.8875	8.23504e-06
145.5063	6.971809e-06
146.125	7.004273e-06
146.7438	7.155836e-06
147.3625	7.193149e-06
147.9813	7.851526e-06
148.6	1.289783e-05
149.2188	0.0001383835
149.8375	0.0003901991
150.4563	0.0002657881
151.075	2.213453e-05
151.6938	1.006631e-05
152.3125	7.715357e-06
152.9313	7.264519e-06
153.55	7.644701e-06
154.1688	8.069053e-06
154.7875	7.855928e-06
155.4063	7.979242e-06
156.025	7.714331e-06
156.6438	7.898773e-06
157.2625	8.263922e-06
157.8813	7.84916e-06
158.5	7.759368e-06
159.1188	8.054056e-06
159.7375	8.085081e-06
160.3563	8.058147e-06
160.975	7.926254e-06
161.5938	7.636652e-06
162.2125	7.441477e-06
162.8313	7.932621e-06
163.45	7.921377e-06
164.0688	7.63925e-06
164.6875	7.848342e-06
165.3063	8.405527e-06
165.925	7.927882e-06
166.5438	8.023241e-06
167.1625	7.418319e-06
167.7813	6.890972e-06
168.4	6.991274e-06
169.0188	7.625215e-06
169.6375	7.610744e-06
170.2563	7.174589e-06
170.875	7.714672e-06
171.4938	7.262939e-06
172.1125	7.095623e-06
172.7313	7.754715e-06
173.35	7.837565e-06
173.9688	7.340284e-06
174.5875	7.524856e-06
175.2063	6.976251e-06
175.825	7.080351e-06
176.4438	7.196818e-06
177.0625	7.71195e-06
177.6813	7.314079e-06
178.3	7.955078e-06
178.9188	7.500168e-06
179.5375	7.148554e-06
180.1563	7.559846e-06
180.775	7.90764e-06
181.3938	7.937917e-06
182.0125	7.721917e-06
182.6313	7.679095e-06
183.25	7.651252e-06
183.8688	7.698257e-06
184.4875	7.81066e-06
185.1063	7.327719e-06
185.725	7.539745e-06
186.3438	7.948615e-06
186.9625	7.921776e-06
187.5813	7.397986e-06
188.2	7.571735e-06
188.8188	7.121115e-06
189.4375	7.122591e-06
190.0563	8.111876e-06
190.675	7.663676e-06
191.2938	7.06368e-06
191.9125	7.240263e-06
192.5313	6.982958e-06
193.15	6.796568e-06
193.7688	7.43147e-06
194.3875	7.100597e-06
195.0063	7.343601e-06
195.625	7.545834e-06
196.2438	7.739341e-06
196.8625	7.561597e-06
197.4813	6.900096e-06
198.1	7.61444e-06
198.7188	7.643548e-06
199.3375	5.400983e-05
199.9563	0.0001068788
200.575	5.46537e-05
201.1938	7.671758e-06
201.8125	7.415925e-06
202.4313	7.772502e-06
203.05	7.787832e-06
203.6688	7.265122e-06
204.2875	7.242929e-06
204.9063	7.607593e-06
205.525	7.990634e-06
206.1438	7.956017e-06
206.7625	7.698193e-06
207.3813	7.458551e-06
208.0	7.592669e-06
208.6188	7.387891e-06
209.2375	7.233425e-06
209.8563	7.344275e-06
210.475	7.318247e-06
211.0938	7.652444e-06
211.7125	7.783607e-06
212.3313	7.740544e-06
212.95	7.124835e-06
213.5688	7.159786e-06
214.1875	7.052114e-06
214.8063	7.097454e-06
215.425	7.731939e-06
216.0438	7.607265e-06
216.6625	7.29154e-06
217.2813	7.033007e-06
217.9	7.527849e-06
218.5188	7.709314e-06
219.1375	7.449415e-06
219.7563	7.812975e-06
220.375	7.877495e-06
220.9938	7.479189e-06
221.6125	7.85561e-06
222.2313	7.966249e-06
222.85	7.583176e-06
223.4688	6.51853e-06
224.0875	7.003172e-06
224.7063	7.759197e-06
225.325	7.336129e-06
225.9438	6.940095e-06
226.5625	7.103231e-06
227.1813	7.816647e-06
227.8	7.222102e-06
228.4188	7.45795e-06
229.0375	7.473643e-06
229.6563	8.176232e-06
230.275	7.821594e-06
230.8938	7.143918e-06
231.5125	7.352578e-06
232.1313	7.679589e-06
232.75	7.066418e-06
233.3688	7.589844e-06
233.9875	8.256309e-06
234.6063	7.679452e-06
235.225	7.340836e-06
235.8438	7.740662e-06
236.4625	7.625595e-06
237.0813	7.764292e-06
237.7	7.015189e-06
238.3188	6.983244e-06
238.9375	7.312142e-06
239.5563	7.856423e-06
240.175	7.62502e-06
240.7938	7.21952e-06
241.4125	7.541798e-06
242.0313	7.955785e-06
242.65	8.29336e-06
243.2688	7.534658e-06
243.8875	7.065305e-06
244.5063	7.525929e-06
245.125	8.095929e-06
245.7438	7.887569e-06
246.3625	8.171355e-06
246.9813	8.130112e-06
247.6	7.475112e-06
248.2188	7.16868e-06
248.8375	8.123477e-06
249.4563	6.326572e-05
250.075	9.379797e-05
250.6938	3.442218e-05
251.3125	8.149556e-06
251.9313	7.041484e-06
252.55	7.483486e-06
253.1688	6.71535e-06
253.7875	7.472336e-06
254.4063	8.026792e-06
255.025	7.348462e-06
255.6438	7.695719e-06
256.2625	7.298784e-06
256.8813	6.904488e-06
257.5	7.168705e-06
258.1188	7.494472e-06
258.7375	7.392132e-06
259.3563	7.380752e-06
259.975	7.43854e-06
260.5938	7.794349e-06
261.2125	7.766301e-06
261.8313	7.536078e-06
262.45	7.779287e-06
263.0688	7.889113e-06
263.6875	7.731864e-06
264.3063	7.295015e-06
264.925	7.484338e-06
265.5438	7.568441e-06
266.1625	7.623586e-06
266.7813	7.889415e-06
267.4	8.027516e-06
268.0188	7.52391e-06
268.6375	8.20601e-06
269.2563	8.122282e-06
269.875	8.020097e-06
270.4938	7.044796e-06
271.1125	7.308653e-06
271.7313	7.709107e-06
272.35	8.236831e-06
272.9688	7.633473e-06
273.5875	7.39627e-06
274.2063	7.775446e-06
274.825	7.735283e-06
275.4438	7.527955e-06
276.0625	7.81662e-06
276.6813	7.10839e-06
277.3	6.911248e-06
277.9188	7.715365e-06
278.5375	7.898002e-06
279.1563	7.031203e-06
279.775	6.310975e-06
280.3938	7.051384e-06
281.0125	7.77639e-06
281.6313	7.331331e-06
282.25	7.700514e-06
282.8688	7.551791e-06
283.4875	7.497526e-06
284.1063	7.931693e-06
284.725	7.428923e-06
285.3438	6.81234e-06
285.9625	7.196683e-06
286.5813	7.636165e-06
287.2	8.490722e-06
287.8188	7.399939e-06
288.4375	7.410396e-06
289.0563	7.432856e-06
289.675	7.535152e-06
290.2938	7.185879e-06
290.9125	6.354085e-06
291.5313	7.050939e-06
292.15	6.782094e-06
292.7688	6.651172e-06
293.3875	6.681525e-06
294.0063	6.936623e-06
294.625	7.362623e-06
295.2438	7.73111e-06
295.8625	7.092631e-06
296.4813	7.052931e-06
297.1	7.949887e-06
297.7188	8.743582e-06
298.3375	8.889477e-06
298.9563	1.49386e-05
299.575	8.432225e-05
300.1938	9.510292e-05
300.8125	2.434687e-05
301.4313	7.924203e-06
302.05	6.911798e-06
302.6688	7.358985e-06
303.2875	7.756377e-06
303.9063	7.299864e-06
304.525	6.994087e-06
305.1438	7.701535e-06
305.7625	7.412268e-06
306.3813	7.450209e-06
307.0	7.660597e-06
307.6188	7.754397e-06
308.2375	7.914622e-06
308.8563	7.122617e-06
309.475	6.81508e-06
310.0938	6.898384e-06
310.7125	7.004953e-06
311.3313	6.700802e-06
311.95	7.18061e-06
312.5688	7.566588e-06
313.1875	7.635697e-06
313.8063	7.390157e-06
314.425	7.382169e-06
315.0437	6.984841e-06
315.6625	6.771821e-06
316.2812	6.7777e-06
316.9	6.989937e-06
317.5187	6.747699e-06
318.1375	6.342012e-06
318.7562	6.580084e-06
319.375	7.137247e-06
319.9937	7.539679e-06
320.6125	7.857735e-06
321.2312	7.594532e-06
321.85	7.225503e-06
322.4687	7.480854e-06
323.0875	7.961754e-06
323.7062	7.532164e-06
324.325	7.144979e-06
324.9437	7.345346e-06
325.5625	7.201059e-06
326.1812	7.677709e-06
326.8	7.888858e-06
327.4187	7.716372e-06
328.0375	7.53653e-06
328.6562	7.533298e-06
329.275	7.502341e-06
329.8937	7.098295e-06
330.5125	7.602646e-06
331.1312	7.12844e-06
331.75	7.070471e-06
332.3687	7.400002e-06
332.9875	7.612278e-06
333.6062	7.734472e-06
334.225	7.876439e-06
334.8437	7.300678e-06
335.4625	7.507745e-06
336.0812	7.67411e-06
336.7	6.983657e-06
337.3187	7.270392e-06
337.9375	7.082006e-06
338.5562	7.525308e-06
339.175	8.054132e-06
339.7937	7.739465e-06
340.4125	7.640466e-06
341.0312	7.462758e-06
341.65	7.172445e-06
342.2687	6.99569e-06
342.8875	6.959435e-06
343.5062	6.912926e-06
344.125	7.019537e-06
344.7437	8.039827e-06
345.3625	7.116891e-06
345.9812	7.595288e-06
346.6	7.987677e-06
347.2187	7.92183e-06
347.8375	8.037109e-06
348.4562	8.790271e-06
349.075	4.407704e-05
349.6937	0.000163224
350.3125	0.0001396868
350.9312	2.296767e-05
351.55	8.556669e-06
352.1687	6.887452e-06
352.7875	7.176477e-06
353.4062	6.753726e-06
354.025	6.757484e-06
354.6437	7.850639e-06
355.2625	7.848114e-06
355.8812	7.429585e-06
356.5	7.374992e-06
357.1187	7.201335e-06
357.7375	7.509111e-06
358.3562	7.345387e-06
358.975	7.011645e-06
359.5937	7.565334e-06
360.2125	7.339691e-06
360.8312	7.318708e-06
361.45	7.010311e-06
362.0687	7.562395e-06
362.6875	7.288852e-06
363.3062	7.191114e-06
363.925	7.703131e-06
364.5437	8.139602e-06
365.1625	8.392841e-06
365.7812	7.481798e-06
366.4	7.616455e-06
367.0187	7.26798e-06
367.6375	6.887072e-06
368.2562	7.256719e-06
368.875	7.440526e-06
369.4937	6.511345e-06
370.1125	6.567856e-06
370.7312	6.555987e-06
371.35	7.21306e-06
371.9687	7.421085e-06
372.5875	7.091032e-06
373.2062	7.23772e-06
373.825	7.526242e-06
374.4437	7.489698e-06
375.0625	8.271626e-06
375.6812	7.691721e-06
376.3	7.723711e-06
376.9187	7.392014e-06
377.5375	8.026189e-06
378.1562	8.268341e-06
378.775	7.237473e-06
379.3937	7.144308e-06
380.0125	7.229604e-06
380.6312	6.852983e-06
381.25	7.651178e-06
381.8687	7.558252e-06
382.4875	7.218979e-06
383.1062	7.402959e-06
383.725	6.961969e-06
384.3437	6.762123e-06
384.9625	7.203917e-06
385.5812	7.46633e-06
386.2	7.243642e-06
386.8187	7.794002e-06
387.4375	7.650757e-06
388.0562	7.246033e-06
388.675	6.67789e-06
389.2937	6.798077e-06
389.9125	6.935633e-06
390.5312	7.100778e-06
391.15	7.396368e-06
391.7687	6.925086e-06
392.3875	7.197185e-06
393.0062	7.145423e-06
393.625	7.67364e-06
394.2437	7.616835e-06
394.8625	6.813815e-06
395.4812	7.407042e-06
396.1	6.899064e-06
396.7187	6.758207e-06
397.3375	6.865718e-06
397.9562	6.803213e-06
398.575	7.552496e-06
399.1937	2.333079e-05
399.8125	5.872463e-05
400.4312	3.866871e-05
401.05	8.288948e-06
401.6687	6.963547e-06
402.2875	7.62967e-06
402.9062	7.902929e-06
403.525	7.668553e-06
404.1437	7.743124e-06
404.7625	8.039846e-06
405.3812	7.294061e-06
406.0	7.971466e-06
406.6187	8.019415e-06
407.2375	7.09615e-06
407.8562	7.011271e-06
408.475	7.306979e-06
409.0937	7.376643e-06
409.7125	7.0882e-06
410.3312	7.282298e-06
410.95	6.928776e-06
411.5687	6.324393e-06
412.1875	6.89675e-06
412.8062	7.282421e-06
413.425	7.2478e-06
414.0437	6.950555e-06
414.6625	7.146373e-06
415.2812	7.428504e-06
415.9	7.073958e-06
416.5187	7.828701e-06
417.1375	7.939617e-06
417.7562	7.037676e-06
418.375	7.403856e-06
418.9937	7.599526e-06
419.6125	7.738309e-06
420.2312	7.940508e-06
420.85	7.450643e-06
421.4687	7.910956e-06
422.0875	7.984142e-06
422.7062	7.459725e-06
423.325	7.911193e-06
423.9437	7.357945e-06
424.5625	7.060817e-06
425.1812	6.792093e-06
425.8	6.456374e-06
426.4187	6.844566e-06
427.0375	6.699408e-06
427.6562	7.507599e-06
428.275	7.797066e-06
428.8937	7.372826e-06
429.5125	6.746383e-06
430.1312	7.158682e-06
430.75	7.339554e-06
431.3687	7.576856e-06
431.9875	7.442415e-06
432.6062	7.29068e-06
433.225	7.624392e-06
433.8437	7.510356e-06
434.4625	7.68648e-06
435.0812	7.312102e-06
435.7	6.812918e-06
436.3187	6.46835e-06
436.9375	6.789056e-06
437.5562	7.192117e-06
438.175	7.496059e-06
438.7937	8.038554e-06
439.4125	8.540901e-06
440.0312	8.115482e-06
440.65	7.54371e-06
441.2687	7.628612e-06
441.8875	6.732291e-06
442.5062	6.87685e-06
443.125	7.540785e-06
443.7437	6.900155e-06
444.3625	6.815324e-06
444.9812	7.338588e-06
445.6	7.14892e-06
446.2187	7.091823e-06
446.8375	6.881234e-06
447.4562	7.483146e-06
448.075	7.789103e-06
448.6937	7.569353e-06
449.3125	5.485014e-05
449.9312	0.0001008857
450.55	4.909842e-05
451.1687	6.930925e-06
451.7875	7.28816e-06
452.4062	6.69317e-06
453.025	7.233328e-06
453.6437	7.756888e-06
454.2625	7.333624e-06
454.8812	7.476266e-06
455.5	7.411446e-06
456.1187	7.264348e-06
456.7375	7.555368e-06
457.3562	7.641183e-06
457.975	7.434394e-06
458.5937	7.334125e-06
459.2125	7.274172e-06
459.8312	7.50099e-06
460.45	7.349481e-06
461.0687	7.481898e-06
461.6875	7.629638e-06
462.3062	7.540994e-06
462.925	7.183673e-06
463.5437	7.740117e-06
464.1625	7.800044e-06
464.7812	7.299405e-06
465.4	7.071527e-06
466.0187	7.539442e-06
466.6375	7.405864e-06
467.2562	8.010593e-06
467.875	8.143136e-06
468.4937	7.481859e-06
469.1125	7.7138e-06
469.7312	7.596546e-06
470.35	7.294907e-06
470.9687	7.865969e-06
471.5875	7.462069e-06
472.2062	7.041158e-06
472.825	7.523439e-06
473.4437	7.513322e-06
474.0625	6.895273e-06
474.6812	6.776624e-06
475.3	7.030971e-06
475.9187	6.89808e-06
476.5375	7.00973e-06
477.1562	7.147152e-06
477.775	7.075932e-06
478.3937	6.865403e-06
479.0125	6.825677e-06
479.6312	6.761653e-06
480.25	6.543762e-06
480.8687	7.353331e-06
481.4875	7.329144e-06
482.1062	7.006699e-06
482.725	7.882833e-06
483.3437	7.445091e-06
483.9625	7.862289e-06
484.5812	7.479516e-06
485.2	7.19368e-06
485.8187	6.785859e-06
486.4375	7.273587e-06
487.0562	6.904324e-06
487.675	7.526336e-06
488.2937	7.302736e-06
488.9125	6.827141e-06
489.5312	6.810063e-06
490.15	7.148798e-06
490.7687	7.715745e-06
491.3875	7.6572e-06
492.0062	7.63236e-06
492.625	7.536396e-06
493.2437	7.4442e-06
493.8625	7.769153e-06
494.4812	7.585124e-06
495.1	7.401547e-06
495.7187	8.3119e-06
496.3375	8.19797e-06
496.9562	7.440046e-06
497.575	6.899584e-06
498.1937	6.687902e-06
498.8125	8.603064e-06
499.4312	3.98602e-05
500.05	5.412997e-05
500.6687	1.96978e-05
501.2875	8.194304e-06
501.9062	8.181316e-06
502.525	7.852361e-06
503.1437	7.278833e-06
503.7625	6.877954e-06
504.3812	7.038366e-06
505.0	7.501422e-06
505.6187	8.558758e-06
506.2375	8.242285e-06
506.8562	7.820494e-06
507.475	6.887452e-06
508.0937	6.88348e-06
508.7125	6.818286e-06
509.3312	7.319809e-06
509.95	7.172443e-06
510.5687	7.097499e-06
511.1875	7.161484e-06
511.8062	7.386093e-06
512.425	7.105703e-06
513.0437	6.799495e-06
513.6625	6.803483e-06
514.2812	7.336055e-06
514.9	7.793844e-06
515.5187	8.104823e-06
516.1375	6.924683e-06
516.7562	6.732503e-06
517.375	7.276486e-06
517.9937	6.8483e-06
518.6125	7.077553e-06
519.2312	6.866531e-06
519.85	7.835491e-06
520.4687	7.98247e-06
521.0875	7.698463e-06
521.7062	7.652523e-06
522.325	7.975526e-06
522.9437	7.315074e-06
523.5625	7.178983e-06
524.1812	6.921743e-06
524.8	7.012422e-06
525.4187	7.245322e-06
526.0375	7.300624e-06
526.6562	6.990075e-06
527.275	6.744592e-06
527.8937	6.756048e-06
528.5125	7.514368e-06
529.1312	7.729104e-06
529.75	6.708501e-06
530.3687	7.188709e-06
530.9875	7.305152e-06
531.6062	7.338964e-06
532.225	7.046571e-06
532.8437	6.629389e-06
533.4625	7.09531e-06
534.0812	7.26598e-06
534.7	7.097716e-06
535.3187	6.718314e-06
535.9375	7.383778e-06
536.5562	7.364531e-06
537.175	6.972067e-06
537.7937	6.789095e-06
538.4125	6.563932e-06
539.0312	6.916752e-06
539.65	6.801457e-06
540.2687	6.974273e-06
540.8875	7.208654e-06
541.5062	6.882159e-06
542.125	6.784293e-06
542.7437	7.314875e-06
543.3625	7.505822e-06
543.9812	7.704599e-06
544.6	7.722905e-06
545.2187	7.574156e-06
545.8375	7.713683e-06
546.4562	8.124829e-06
547.075	7.727267e-06
547.6937	7.132193e-06
548.3125	7.06312e-06
548.9312	1.60424e-05
549.55	7.057698e-05
550.1687	7.535803e-05
550.7875	2.07112e-05
551.4062	7.346789e-06
552.025	6.865982e-06
552.6437	7.955919e-06
553.2625	8.075651e-06
553.8812	7.250639e-06
554.5	7.019663e-06
555.1187	7.425211e-06
555.7375	7.651062e-06
556.3562	7.264046e-06
556.975	7.08886e-06
557.5937	6.393554e-06
558.2125	6.772748e-06
558.8312	7.293618e-06
559.45	7.44528e-06
560.0687	8.313949e-06
560.6875	7.610879e-06
561.3062	7.408603e-06
561.925	7.112323e-06
562.5437	6.745047e-06
563.1625	7.303417e-06
563.7812	7.379687e-06
564.4	6.893062e-06
565.0187	7.411807e-06
565.6375	7.441886e-06
566.2562	7.414909e-06
566.875	8.023246e-06
567.4937	8.004754e-06
568.1125	7.542529e-06
568.7312	7.434003e-06
569.35	7.015083e-06
569.9687	6.926369e-06
570.5875	6.847051e-06
571.2062	7.682733e-06
571.825	8.037493e-06
572.4437	7.808484e-06
573.0625	7.686665e-06
573.6812	7.695805e-06
574.3	7.237424e-06
574.9187	7.905687e-06
575.5375	8.046195e-06
576.1562	7.588453e-06
576.775	7.717774e-06
577.3937	8.174067e-06
578.0125	8.009538e-06
578.6312	7.50883e-06
579.25	6.921552e-06
579.8687	6.445496e-06
580.4875	6.616295e-06
581.1062	7.251448e-06
581.725	7.471145e-06
582.3437	7.971527e-06
582.9625	7.594052e-06
583.5812	7.668403e-06
584.2	7.170079e-06
584.8187	7.106289e-06
585.4375	6.912577e-06
586.0562	7.437324e-06
586.675	7.162026e-06
587.2937	7.375167e-06
587.9125	7.195013e-06
588.5312	7.74064e-06
589.15	7.390959e-06
589.7687	6.833443e-06
590.3875	6.972366e-06
591.0062	7.288388e-06
591.625	7.093719e-06
592.2437	7.429356e-06
592.8625	7.749733e-06
593.4812	6.829354e-06
594.1	7.175445e-06
594.7187	7.277206e-06
595.3375	7.514442e-06
595.9562	7.148505e-06
596.575	7.62142e-06
597.1937	7.953137e-06
597.8125	7.97161e-06
598.4312	7.026706e-06
599.05	1.1738e-05
599.6687	3.081077e-05
600.2875	2.563076e-05
600.9062	8.137002e-06
601.525	6.974755e-06
602.1437	6.862372e-06
602.7625	7.171032e-06
603.3812	7.685513e-06
604.0	7.881959e-06
604.6187	7.671684e-06
605.2375	7.246756e-06
605.8562	7.102407e-06
606.475	8.053696e-06
607.0937	7.883474e-06
607.7125	6.978308e-06
608.3312	7.084676e-06
608.95	7.850432e-06
609.5687	7.82794e-06
610.1875	7.620789e-06
610.8062	7.476843e-06
611.425	7.001003e-06
612.0437	6.413558e-06
612.6625	7.193018e-06
613.2812	7.229504e-06
613.9	7.208983e-06
614.5187	7.815534e-06
615.1375	7.278572e-06
615.7562	7.415907e-06
616.375	7.216708e-06
616.9937	7.66109e-06
617.6125	7.861993e-06
618.2312	7.608789e-06
618.85	7.223196e-06
619.4687	6.978496e-06
620.0875	6.847714e-06
620.7062	6.838357e-06
621.325	7.156839e-06
621.9437	7.381491e-06
622.5625	7.229911e-06
623.1812	6.883522e-06
623.8	7.233362e-06
624.4187	7.662787e-06
625.0375	7.498791e-06
625.6562	7.496476e-06
626.275	7.648009e-06
626.8937	7.494848e-06
627.5125	7.69909e-06
628.1312	7.475049e-06
628.75	6.308787e-06
629.3687	7.251728e-06
629.9875	7.829909e-06
630.6062	7.378811e-06
631.225	7.644771e-06
631.8437	7.546501e-06
632.4625	6.968603e-06
633.0812	7.082009e-06
633.7	7.400022e-06
634.3187	7.331168e-06
634.9375	7.345687e-06
635.5562	7.063537e-06
636.175	6.739518e-06
636.7937	7.534696e-06
637.4125	7.759341e-06
638.0312	7.579252e-06
638.65	7.617912e-06
639.2687	7.254935e-06
639.8875	6.563978e-06
640.5062	7.198974e-06
641.125	6.850724e-06
641.7437	6.533787e-06
642.3625	6.503257e-06
642.9812	6.641153e-06
643.6	6.80832e-06
644.2187	7.435515e-06
644.8375	7.279995e-06
645.4562	7.708489e-06
646.075	7.492168e-06
646.6937	7.153373e-06
647.3125	6.881879e-06
647.9312	7.438922e-06
648.55	7.471359e-06
649.1687	4.002744e-05
649.7875	9.129906e-05
650.4062	5.751321e-05
651.025	9.379721e-06
651.6437	7.261791e-06
652.2625	7.317721e-06
652.8812	7.251801e-06
653.5	7.079161e-06
654.1187	6.924689e-06
654.7375	7.406065e-06
655.3562	7.102886e-06
655.975	7.515812e-06
656.5937	8.044506e-06
657.2125	7.290331e-06
657.8312	7.14028e-06
658.45	6.871988e-06
659.0687	6.90774e-06
659.6875	6.757554e-06
660.3062	6.744497e-06
660.925	6.833618e-06
661.5437	6.957608e-06
662.1625	7.002171e-06
662.7812	7.409718e-06
663.4	7.12056e-06
664.0187	7.143125e-06
664.6375	7.339329e-06
665.2562	6.877057e-06
665.875	6.897434e-06
666.4937	6.61317e-06
667.1125	7.113985e-06
667.7312	7.192306e-06
668.35	7.057034e-06
668.9687	7.376871e-06
669.5875	7.177964e-06
670.2062	6.808738e-06
670.825	6.382493e-06
671.4437	7.041648e-06
672.0625	7.254494e-06
672.6812	6.928608e-06
673.3	6.734737e-06
673.9187	6.95041e-06
674.5375	7.41583e-06
675.1562	7.651729e-06
675.775	7.342462e-06
676.3937	6.767759e-06
677.0125	7.303251e-06
677.6312	6.813568e-06
678.25	6.896677e-06
678.8687	6.819774e-06
679.4875	7.497338e-06
680.1062	7.413631e-06
680.725	7.251462e-06
681.3437	7.3501e-06
681.9625	7.21918e-06
682.5812	6.818061e-06
683.2	7.011199e-06
683.8187	7.194075e-06
684.4375	7.307507e-06
685.0562	7.824681e-06
685.675	7.690705e-06
686.2937	7.511736e-06
686.9125	7.230907e-06
687.5312	7.09564e-06
688.15	7.537154e-06
688.7687	7.419884e-06
689.3875	7.176635e-06
690.0062	7.317227e-06
690.625	7.39928e-06
691.2437	7.516416e-06
691.8625	7.306502e-06
692.4812	7.471176e-06
693.1	7.539162e-06
693.7187	7.866542e-06
694.3375	7.575626e-06
694.9562	7.483374e-06
695.575	7.324604e-06
696.1937	6.937284e-06
696.8125	7.066555e-06
697.4312	6.907903e-06
698.05	7.09499e-06
698.6687	7.52539e-06
699.2875	1.38728e-05
699.9062	2.07174e-05
700.525	1.153798e-05
701.1437	7.666748e-06
701.7625	7.110481e-06
702.3812	7.2086e-06
703.0	6.860144e-06
703.6187	6.982524e-06
704.2375	7.46168e-06
704.8562	7.68394e-06
705.475	7.656415e-06
706.0937	7.050595e-06
706.7125	6.907257e-06
707.3312	6.907456e-06
707.95	7.015555e-06
708.5687	7.113593e-06
709.1875	7.255185e-06
709.8062	7.600439e-06
710.425	6.776082e-06
711.0437	6.317138e-06
711.6625	6.426037e-06
712.2812	7.027953e-06
712.9	7.375616e-06
713.5187	6.535003e-06
714.1375	7.16869e-06
714.7562	7.488255e-06
715.375	7.284743e-06
715.9937	7.928755e-06
716.6125	7.446334e-06
717.2312	6.751066e-06
717.85	7.138106e-06
718.4687	7.558603e-06
719.0875	7.231033e-06
719.7062	7.000655e-06
720.325	6.925453e-06
720.9437	6.789043e-06
721.5625	6.994614e-06
722.1812	7.072764e-06
722.8	7.05784e-06
723.4187	6.802451e-06
724.0375	7.216072e-06
724.6562	7.493434e-06
725.275	7.223283e-06
725.8937	7.137512e-06
726.5125	7.213852e-06
727.1312	7.25635e-06
727.75	7.044267e-06
728.3687	6.454392e-06
728.9875	6.997607e-06
729.6062	6.783404e-06
730.225	6.310044e-06
730.8437	6.892058e-06
731.4625	7.034241e-06
732.0812	6.88409e-06
732.7	7.469213e-06
733.3187	7.16838e-06
733.9375	7.286568e-06
734.5562	7.191903e-06
735.175	7.01949e-06
735.7937	7.218525e-06
736.4125	7.606726e-06
737.0312	7.46642e-06
737.65	7.353455e-06
738.2687	7.192781e-06
738.8875	6.934287e-06
739.5062	6.380288e-06
740.125	6.572793e-06
740.7437	7.412533e-06
741.3625	7.253658e-06
741.9812	7.113855e-06
742.6	7.148154e-06
743.2187	7.415383e-06
743.8375	7.204054e-06
744.4562	6.736651e-06
745.075	6.260726e-06
745.6937	7.023331e-06
746.3125	6.845497e-06
746.9312	7.173008e-06
747.55	6.880237e-06
748.1687	7.682725e-06
748.7875	1.067236e-05
749.4062	5.318757e-05
750.025	6.990796e-05
750.6437	2.609727e-05
751.2625	7.247819e-06
751.8812	6.548191e-06
752.5	6.867508e-06
753.1187	6.931858e-06
753.7375	7.101319e-06
754.3562	7.016219e-06
754.975	6.522633e-06
755.5937	5.676245e-06
756.2125	7.008175e-06
756.8312	7.893163e-06
757.45	7.884494e-06
758.0687	7.368062e-06
758.6875	7.446529e-06
759.3062	7.177449e-06
759.925	6.854807e-06
760.5437	7.360942e-06
761.1625	7.502248e-06
761.7812	7.140813e-06
762.4	7.182137e-06
763.0187	7.42984e-06
763.6375	7.12438e-06
764.2562	7.988968e-06
764.875	7.306449e-06
765.4937	7.570505e-06
766.1125	7.708184e-06
766.7312	7.541553e-06
767.35	6.989833e-06
767.9687	6.475872e-06
768.5875	7.260886e-06
769.2062	7.140867e-06
769.825	6.89539e-06
770.4437	7.52744e-06
771.0625	7.508622e-06
771.6812	7.326303e-06
772.3	7.743552e-06
772.9187	7.44537e-06
773.5375	7.16378e-06
774.1562	6.937009e-06
774.775	7.220763e-06
775.3937	7.381263e-06
776.0125	7.20402e-06
776.6312	7.547626e-06
777.25	7.389492e-06
777.8687	7.33399e-06
778.4875	7.655602e-06
779.1062	7.185291e-06
779.725	6.765891e-06
780.3437	6.920496e-06
780.9625	6.826218e-06
781.5812	7.16314e-06
782.2	7.146741e-06
782.8187	6.709449e-06
783.4375	7.291819e-06
784.0562	8.062759e-06
784.675	7.58111e-06
785.2937	6.527156e-06
785.9125	6.732407e-06
786.5312	7.288836e-06
787.15	7.593804e-06
787.7687	7.430791e-06
788.3875	6.974002e-06
789.0062	6.245835e-06
789.625	7.424332e-06
790.2437	8.053559e-06
790.8625	7.134747e-06
791.4812	7.176002e-06
792.1	7.15846e-06
792.7187	6.720121e-06
793.3375	6.559563e-06
793.9562	6.955343e-06
794.575	6.205891e-06
795.1937	6.669923e-06
795.8125	6.895289e-06
796.4312	7.094491e-06
797.05	6.717692e-06
797.6687	6.792139e-06
798.2875	7.374442e-06
798.9062	7.413499e-06
799.525	1.250366e-05
800.1437	1.232902e-05
800.7625	6.955767e-06
801.3812	6.543594e-06
802.0	7.336116e-06
802.6187	6.979161e-06
803.2375	7.486053e-06
803.8562	7.626611e-06
804.475	7.383459e-06
805.0937	6.744008e-06
805.7125	6.205522e-06
806.3312	7.176262e-06
806.95	7.602445e-06
807.5687	7.526874e-06
808.1875	7.946591e-06
808.8062	7.993689e-06
809.425	7.651319e-06
810.0437	7.178522e-06
810.6625	7.413152e-06
811.2812	7.141283e-06
811.9	7.00003e-06
812.5187	7.373654e-06
813.1375	7.187049e-06
813.7562	6.84e-06
814.375	7.17292e-06
814.9937	7.202328e-06
815.6125	6.885283e-06
816.2312	6.760927e-06
816.85	7.561964e-06
817.4687	7.059918e-06
818.0875	7.37273e-06
818.7062	7.946318e-06
819.325	6.938456e-06
819.9437	6.327502e-06
820.5625	7.064594e-06
821.1812	7.905627e-06
821.8	7.600077e-06
822.4187	6.894752e-06
823.0375	7.181591e-06
823.6562	6.803159e-06
824.275	6.819922e-06
824.8937	7.179656e-06
825.5125	7.267548e-06
826.1312	7.346347e-06
826.75	7.19921e-06
827.3687	7.263576e-06
827.9875	7.162521e-06
828.6062	7.352125e-06
829.225	7.321583e-06
829.8437	6.891967e-06
830.4625	6.883734e-06
831.0812	6.8022e-06
831.7	6.959416e-06
832.3187	7.046596e-06
832.9375	6.935691e-06
833.5562	6.945377e-06
834.175	6.920848e-06
834.7937	6.545684e-06
835.4125	6.818162e-06
836.0312	7.013539e-06
836.65	7.030172e-06
837.2687	6.640462e-06
837.8875	6.969934e-06
838.5062	7.275072e-06
839.125	7.115755e-06
839.7437	7.171553e-06
840.3625	7.589707e-06
840.9812	7.355835e-06
841.6	7.780387e-06
842.2187	7.075648e-06
842.8375	7.034587e-06
843.4562	7.10528e-06
844.075	7.490614e-06
844.6937	6.755026e-06
845.3125	6.946812e-06
845.9312	6.805555e-06
846.55	6.804086e-06
847.1687	7.043498e-06
847.7875	6.873983e-06
848.4062	7.931475e-06
849.025	3.171774e-05
849.6437	8.999573e-05
850.2625	7.057912e-05
850.8812	1.50955e-05
851.5	7.817147e-06
852.1187	6.749868e-06
852.7375	6.673708e-06
853.3562	6.762469e-06
853.975	6.91249e-06
854.5937	7.157044e-06
855.2125	7.036745e-06
855.8312	7.188336e-06
856.45	7.619923e-06
857.0687	6.976351e-06
857.6875	6.886082e-06
858.3062	7.376627e-06
858.925	6.778925e-06
859.5437	6.678002e-06
860.1625	7.037187e-06
860.7812	7.615227e-06
861.4	7.009067e-06
862.0187	7.083876e-06
862.6375	6.718502e-06
863.2562	6.68974e-06
863.875	7.138237e-06
864.4937	6.80472e-06
865.1125	7.309503e-06
865.7312	7.709694e-06
866.35	7.422167e-06
866.9687	7.450539e-06
867.5875	7.037941e-06
868.2062	7.760726e-06
868.825	7.848892e-06
869.4437	7.07679e-06
870.0625	7.335171e-06
870.6812	7.404998e-06
871.3	7.218391e-06
871.9187	6.702916e-06
872.5375	6.432782e-06
873.1562	6.557165e-06
873.775	6.373679e-06
874.3937	6.832631e-06
875.0125	6.527858e-06
875.6312	6.586321e-06
876.25	6.72752e-06
876.8687	6.77808e-06
877.4875	6.827222e-06
878.1062	7.463808e-06
878.725	7.140144e-06
879.3437	7.497545e-06
879.9625	7.81831e-06
880.5812	7.683067e-06
881.2	7.394477e-06
881.8187	7.493013e-06
882.4375	7.292428e-06
883.0562	6.844756e-06
883.675	6.761964e-06
884.2937	6.97803e-06
884.9125	7.086896e-06
885.5312	6.42972e-06
886.15	6.412082e-06
886.7687	6.667757e-06
887.3875	7.124175e-06
888.0062	7.080961e-06
888.625	7.082119e-06
889.2437	6.581183e-06
889.8625	6.905789e-06
890.4812	6.490489e-06
891.1	6.860557e-06
891.7187	7.7956e-06
892.3375	7.369965e-06
892.9562	6.950351e-06
893.575	7.214935e-06
894.1937	6.948394e-06
894.8125	7.080711e-06
895.4312	7.229435e-06
896.05	7.256923e-06
896.6687	7.159755e-06
897.2875	7.213796e-06
897.9062	6.880157e-06
898.525	6.764729e-06
899.1437	7.628737e-06
899.7625	1.033054e-05
900.3812	8.616802e-06
901.0	6.740033e-06
901.6187	7.540525e-06
902.2375	7.376967e-06
902.8562	6.520037e-06
903.475	6.757888e-06
904.0937	7.204943e-06
904.7125	6.9362e-06
905.3312	7.062268e-06
905.95	6.964089e-06
906.5687	6.963303e-06
907.1875	6.988089e-06
907.8062	7.602015e-06
908.425	7.460238e-06
909.0437	7.201043e-06
909.6625	7.118237e-06
910.2812	7.039225e-06
910.9	7.048953e-06
911.5187	6.806623e-06
912.1375	7.457511e-06
912.7562	7.252185e-06
913.375	6.694945e-06
913.9937	6.958762e-06
914.6125	7.438651e-06
915.2312	6.878838e-06
915.85	7.157753e-06
916.4687	6.920354e-06
917.0875	6.627057e-06
917.7062	6.699929e-06
918.325	7.020441e-06
918.9437	6.740572e-06
919.5625	6.641342e-06
920.1812	6.586449e-06
920.8	7.152176e-06
921.4187	7.705113e-06
922.0375	7.247598e-06
922.6562	6.976279e-06
923.275	6.919681e-06
923.8937	6.530377e-06
924.5125	7.061033e-06
925.1312	7.574246e-06
925.75	7.353678e-06
926.3687	7.428351e-06
926.9875	6.397295e-06
927.6062	6.542141e-06
928.225	7.590033e-06
928.8437	7.224503e-06
929.4625	6.791522e-06
930.0812	7.305943e-06
930.7	6.814137e-06
931.3187	6.732356e-06
931.9375	6.968611e-06
932.5562	7.166489e-06
933.175	7.283113e-06
933.7937	7.330072e-06
934.4125	7.236243e-06
935.0312	7.638731e-06
935.65	7.211044e-06
936.2687	7.098622e-06
936.8875	7.073812e-06
937.5062	6.775125e-06
938.125	7.024484e-06
938.7437	7.946782e-06
939.3625	8.276945e-06
939.9812	7.515393e-06
940.6	6.807092e-06
941.2187	7.074935e-06
941.8375	7.07629e-06
942.4562	7.251684e-06
943.075	7.549324e-06
943.6937	7.221663e-06
944.3125	6.977844e-06
944.9312	7.148418e-06
945.55	6.989028e-06
946.1687	6.65749e-06
946.7875	6.573164e-06
947.4062	7.16245e-06
948.025	7.393775e-06
948.6437	7.767261e-06
949.2625	3.169906e-05
949.8812	4.89443e-05
950.5	2.401718e-05
951.1187	7.625968e-06
951.7375	6.709041e-06
952.3562	6.981778e-06
952.975	7.209164e-06
953.5937	6.962562e-06
954.2125	7.121212e-06
954.8312	6.34008e-06
955.45	6.731743e-06
956.0687	7.324719e-06
956.6875	7.428919e-06
957.3062	7.484114e-06
957.925	7.977726e-06
958.5437	7.655437e-06
959.1625	7.875644e-06
959.7812	7.595798e-06
960.4	7.046275e-06
961.0187	7.104414e-06
961.6375	7.107859e-06
962.2562	7.168953e-06
962.875	7.397124e-06
963.4937	6.941043e-06
964.1125	7.021499e-06
964.7312	7.216204e-06
965.35	6.752902e-06
965.9687	7.144222e-06
966.5875	7.424435e-06
967.2062	7.519496e-06
967.825	7.208981e-06
968.4437	6.97578e-06
969.0625	7.23261e-06
969.6812	7.266828e-06
970.3	7.453828e-06
970.9187	7.332885e-06
971.5375	7.441676e-06
972.1562	7.776221e-06
972.775	6.887599e-06
973.3937	7.332844e-06
974.0125	7.401873e-06
974.6312	7.006151e-06
975.25	6.957445e-06
975.8687	7.607787e-06
976.4875	7.797151e-06
977.1062	7.556854e-06
977.725	7.161932e-06
978.3437	6.892179e-06
978.9625	7.826527e-06
979.5812	8.286172e-06
980.2	7.615473e-06
980.8187	7.447713e-06
981.4375	6.845508e-06
982.0562	7.09125e-06
982.675	7.824161e-06
983.2937	7.072338e-06
983.9125	6.633783e-06
984.5312	7.346321e-06
985.15	7.32509e-06
985.7687	7.116477e-06
986.3875	7.083286e-06
987.0062	7.627932e-06
987.625	7.539597e-06
988.2437	6.845713e-06
988.8625	6.987593e-06
989.4812	7.187907e-06
990.1	7.173007e-06
990.7187	7.391069e-06
991.3375	6.573795e-06
991.9562	6.835319e-06
992.575	7.549028e-06
993.1937	7.298291e-06
993.8125	7.433019e-06
994.4312	7.256971e-06
995.05	7.045018e-06
995.6687	7.536968e-06
996.2875	7.391401e-06
996.9062	6.911059e-06
997.525	6.719354e-06
998.1437	6.334739e-06
998.7625	6.72949e-06
999.3812	1.293647e-05
1000.0	1.500283e-05
